% Column 0: Length, mm
% Column 1: |B|, Tesla
0.00000000e+000	1.32294962e-004	
1.00000000e-001	1.32744898e-004	
2.00000000e-001	1.33194846e-004	
3.00000000e-001	1.33644804e-004	
4.00000000e-001	1.34094770e-004	
5.00000000e-001	1.34544746e-004	
6.00000000e-001	1.34994730e-004	
7.00000000e-001	1.35520373e-004	
8.00000000e-001	1.36106842e-004	
9.00000000e-001	1.36693341e-004	
1.00000000e+000	1.37279868e-004	
1.10000000e+000	1.37866423e-004	
1.20000000e+000	1.38426597e-004	
1.30000000e+000	1.38933593e-004	
1.40000000e+000	1.39440601e-004	
1.50000000e+000	1.39947619e-004	
1.60000000e+000	1.40351680e-004	
1.70000000e+000	1.40735601e-004	
1.80000000e+000	1.41119522e-004	
1.90000000e+000	1.41503443e-004	
2.00000000e+000	1.41887364e-004	
2.10000000e+000	1.42271285e-004	
2.20000000e+000	1.42655206e-004	
2.30000000e+000	1.43039127e-004	
2.40000000e+000	1.43432017e-004	
2.50000000e+000	1.43954145e-004	
2.60000000e+000	1.44476350e-004	
2.70000000e+000	1.44998631e-004	
2.80000000e+000	1.45520988e-004	
2.90000000e+000	1.46043420e-004	
3.00000000e+000	1.46565925e-004	
3.10000000e+000	1.47088504e-004	
3.20000000e+000	1.47623388e-004	
3.30000000e+000	1.48170324e-004	
3.40000000e+000	1.48717288e-004	
3.50000000e+000	1.49286788e-004	
3.60000000e+000	1.49884680e-004	
3.70000000e+000	1.50482573e-004	
3.80000000e+000	1.51080467e-004	
3.90000000e+000	1.51678363e-004	
4.00000000e+000	1.52212747e-004	
4.10000000e+000	1.52735828e-004	
4.20000000e+000	1.53258005e-004	
4.30000000e+000	1.53779965e-004	
4.40000000e+000	1.54288311e-004	
4.50000000e+000	1.54743268e-004	
4.60000000e+000	1.55198246e-004	
4.70000000e+000	1.55653245e-004	
4.80000000e+000	1.56108265e-004	
4.90000000e+000	1.56563305e-004	
5.00000000e+000	1.57147982e-004	
5.10000000e+000	1.57775344e-004	
5.20000000e+000	1.58402734e-004	
5.30000000e+000	1.59000002e-004	
5.40000000e+000	1.59574999e-004	
5.50000000e+000	1.60149996e-004	
5.60000000e+000	1.60724994e-004	
5.70000000e+000	1.61299993e-004	
5.80000000e+000	1.61851616e-004	
5.90000000e+000	1.62344749e-004	
6.00000000e+000	1.62837911e-004	
6.10000000e+000	1.63331102e-004	
6.20000000e+000	1.63824322e-004	
6.30000000e+000	1.64317571e-004	
6.40000000e+000	1.64822226e-004	
6.50000000e+000	1.65366036e-004	
6.60000000e+000	1.65909903e-004	
6.70000000e+000	1.66463046e-004	
6.80000000e+000	1.67127011e-004	
6.90000000e+000	1.67790981e-004	
7.00000000e+000	1.68454956e-004	
7.10000000e+000	1.69118938e-004	
7.20000000e+000	1.69782924e-004	
7.30000000e+000	1.70446916e-004	
7.40000000e+000	1.71083475e-004	
7.50000000e+000	1.71694382e-004	
7.60000000e+000	1.72305289e-004	
7.70000000e+000	1.72916197e-004	
7.80000000e+000	1.73527105e-004	
7.90000000e+000	1.74138013e-004	
8.00000000e+000	1.74748921e-004	
8.10000000e+000	1.75359829e-004	
8.20000000e+000	1.75939548e-004	
8.30000000e+000	1.76506453e-004	
8.40000000e+000	1.77119341e-004	
8.50000000e+000	1.77732253e-004	
8.60000000e+000	1.78345189e-004	
8.70000000e+000	1.78958149e-004	
8.80000000e+000	1.79571131e-004	
8.90000000e+000	1.80184137e-004	
9.00000000e+000	1.80816934e-004	
9.10000000e+000	1.81568326e-004	
9.20000000e+000	1.82319735e-004	
9.30000000e+000	1.83071163e-004	
9.40000000e+000	1.83822608e-004	
9.50000000e+000	1.84574071e-004	
9.60000000e+000	1.85325552e-004	
9.70000000e+000	1.86089976e-004	
9.80000000e+000	1.86864633e-004	
9.90000000e+000	1.87639341e-004	
1.00000000e+001	1.88397495e-004	
1.01000000e+001	1.89134814e-004	
1.02000000e+001	1.89872160e-004	
1.03000000e+001	1.90609534e-004	
1.04000000e+001	1.91346935e-004	
1.05000000e+001	1.92084363e-004	
1.06000000e+001	1.92821817e-004	
1.07000000e+001	1.93559297e-004	
1.08000000e+001	1.94296803e-004	
1.09000000e+001	1.95034335e-004	
1.10000000e+001	1.95767442e-004	
1.11000000e+001	1.96524834e-004	
1.12000000e+001	1.97277802e-004	
1.13000000e+001	1.98023973e-004	
1.14000000e+001	1.98770154e-004	
1.15000000e+001	1.99516345e-004	
1.16000000e+001	2.00262547e-004	
1.17000000e+001	2.01008758e-004	
1.18000000e+001	2.01754980e-004	
1.19000000e+001	2.02501211e-004	
1.20000000e+001	2.03247452e-004	
1.21000000e+001	2.04009045e-004	
1.22000000e+001	2.04822514e-004	
1.23000000e+001	2.05635985e-004	
1.24000000e+001	2.06449459e-004	
1.25000000e+001	2.07262792e-004	
1.26000000e+001	2.08062002e-004	
1.27000000e+001	2.08861217e-004	
1.28000000e+001	2.09660438e-004	
1.29000000e+001	2.10459664e-004	
1.30000000e+001	2.11258896e-004	
1.31000000e+001	2.12070295e-004	
1.32000000e+001	2.12888087e-004	
1.33000000e+001	2.13705913e-004	
1.34000000e+001	2.14523772e-004	
1.35000000e+001	2.15341663e-004	
1.36000000e+001	2.16159587e-004	
1.37000000e+001	2.17006754e-004	
1.38000000e+001	2.17864765e-004	
1.39000000e+001	2.18722936e-004	
1.40000000e+001	2.19581264e-004	
1.41000000e+001	2.20466921e-004	
1.42000000e+001	2.21356831e-004	
1.43000000e+001	2.22246782e-004	
1.44000000e+001	2.23142236e-004	
1.45000000e+001	2.24116389e-004	
1.46000000e+001	2.25090546e-004	
1.47000000e+001	2.26064706e-004	
1.48000000e+001	2.27038869e-004	
1.49000000e+001	2.28013035e-004	
1.50000000e+001	2.28987204e-004	
1.51000000e+001	2.29961069e-004	
1.52000000e+001	2.30934762e-004	
1.53000000e+001	2.31908469e-004	
1.54000000e+001	2.32880925e-004	
1.55000000e+001	2.33828924e-004	
1.56000000e+001	2.34776979e-004	
1.57000000e+001	2.35725091e-004	
1.58000000e+001	2.36674412e-004	
1.59000000e+001	2.37646756e-004	
1.60000000e+001	2.38619105e-004	
1.61000000e+001	2.39591458e-004	
1.62000000e+001	2.40563815e-004	
1.63000000e+001	2.41536177e-004	
1.64000000e+001	2.42508543e-004	
1.65000000e+001	2.43458226e-004	
1.66000000e+001	2.44403417e-004	
1.67000000e+001	2.45348661e-004	
1.68000000e+001	2.46293958e-004	
1.69000000e+001	2.47239308e-004	
1.70000000e+001	2.48189952e-004	
1.71000000e+001	2.49161412e-004	
1.72000000e+001	2.50132911e-004	
1.73000000e+001	2.51104448e-004	
1.74000000e+001	2.52076025e-004	
1.75000000e+001	2.53047639e-004	
1.76000000e+001	2.54150547e-004	
1.77000000e+001	2.55303468e-004	
1.78000000e+001	2.56456402e-004	
1.79000000e+001	2.57609350e-004	
1.80000000e+001	2.58762310e-004	
1.81000000e+001	2.59915283e-004	
1.82000000e+001	2.61068268e-004	
1.83000000e+001	2.62221265e-004	
1.84000000e+001	2.63374275e-004	
1.85000000e+001	2.64475425e-004	
1.86000000e+001	2.65550229e-004	
1.87000000e+001	2.66625155e-004	
1.88000000e+001	2.67703416e-004	
1.89000000e+001	2.68784910e-004	
1.90000000e+001	2.69866575e-004	
1.91000000e+001	2.70948408e-004	
1.92000000e+001	2.72030408e-004	
1.93000000e+001	2.73112573e-004	
1.94000000e+001	2.74194900e-004	
1.95000000e+001	2.75277388e-004	
1.96000000e+001	2.76444522e-004	
1.97000000e+001	2.77649635e-004	
1.98000000e+001	2.78943718e-004	
1.99000000e+001	2.80237812e-004	
2.00000000e+001	2.81531915e-004	
2.01000000e+001	2.82826028e-004	
2.02000000e+001	2.84120151e-004	
2.03000000e+001	2.85414283e-004	
2.04000000e+001	2.86838166e-004	
2.05000000e+001	2.88373390e-004	
2.06000000e+001	2.89908622e-004	
2.07000000e+001	2.91443859e-004	
2.08000000e+001	2.92979103e-004	
2.09000000e+001	2.94514353e-004	
2.10000000e+001	2.96049609e-004	
2.11000000e+001	2.97584871e-004	
2.12000000e+001	2.98995462e-004	
2.13000000e+001	3.00228594e-004	
2.14000000e+001	3.01462197e-004	
2.15000000e+001	3.02696266e-004	
2.16000000e+001	3.03930794e-004	
2.17000000e+001	3.05165776e-004	
2.18000000e+001	3.06401207e-004	
2.19000000e+001	3.07637080e-004	
2.20000000e+001	3.08873392e-004	
2.21000000e+001	3.10110136e-004	
2.22000000e+001	3.11347307e-004	
2.23000000e+001	3.12584901e-004	
2.24000000e+001	3.13855000e-004	
2.25000000e+001	3.15393864e-004	
2.26000000e+001	3.16981618e-004	
2.27000000e+001	3.18573190e-004	
2.28000000e+001	3.20165087e-004	
2.29000000e+001	3.21757304e-004	
2.30000000e+001	3.23349836e-004	
2.31000000e+001	3.24942678e-004	
2.32000000e+001	3.26535826e-004	
2.33000000e+001	3.28129276e-004	
2.34000000e+001	3.29682481e-004	
2.35000000e+001	3.31231963e-004	
2.36000000e+001	3.32781780e-004	
2.37000000e+001	3.34370666e-004	
2.38000000e+001	3.36105333e-004	
2.39000000e+001	3.37760402e-004	
2.40000000e+001	3.39422730e-004	
2.41000000e+001	3.41085151e-004	
2.42000000e+001	3.42747663e-004	
2.43000000e+001	3.44410265e-004	
2.44000000e+001	3.46072956e-004	
2.45000000e+001	3.47735735e-004	
2.46000000e+001	3.49398599e-004	
2.47000000e+001	3.51061549e-004	
2.48000000e+001	3.52724582e-004	
2.49000000e+001	3.54387698e-004	
2.50000000e+001	3.56100169e-004	
2.51000000e+001	3.57932251e-004	
2.52000000e+001	3.59765009e-004	
2.53000000e+001	3.61598432e-004	
2.54000000e+001	3.63432510e-004	
2.55000000e+001	3.65267234e-004	
2.56000000e+001	3.67102593e-004	
2.57000000e+001	3.68938578e-004	
2.58000000e+001	3.70755631e-004	
2.59000000e+001	3.72630090e-004	
2.60000000e+001	3.74639469e-004	
2.61000000e+001	3.76649126e-004	
2.62000000e+001	3.78627361e-004	
2.63000000e+001	3.80604699e-004	
2.64000000e+001	3.82582297e-004	
2.65000000e+001	3.84560150e-004	
2.66000000e+001	3.86538255e-004	
2.67000000e+001	3.88516607e-004	
2.68000000e+001	3.90495203e-004	
2.69000000e+001	3.92932764e-004	
2.70000000e+001	3.95290060e-004	
2.71000000e+001	3.97609595e-004	
2.72000000e+001	3.99930322e-004	
2.73000000e+001	4.02252220e-004	
2.74000000e+001	4.04575268e-004	
2.75000000e+001	4.06899447e-004	
2.76000000e+001	4.09224738e-004	
2.77000000e+001	4.11551122e-004	
2.78000000e+001	4.13878580e-004	
2.79000000e+001	4.16207095e-004	
2.80000000e+001	4.18536649e-004	
2.81000000e+001	4.20734478e-004	
2.82000000e+001	4.22932366e-004	
2.83000000e+001	4.25130318e-004	
2.84000000e+001	4.27328332e-004	
2.85000000e+001	4.29573887e-004	
2.86000000e+001	4.32039857e-004	
2.87000000e+001	4.34507848e-004	
2.88000000e+001	4.37314910e-004	
2.89000000e+001	4.40229993e-004	
2.90000000e+001	4.43139596e-004	
2.91000000e+001	4.45944258e-004	
2.92000000e+001	4.48765380e-004	
2.93000000e+001	4.51587842e-004	
2.94000000e+001	4.54487644e-004	
2.95000000e+001	4.57415428e-004	
2.96000000e+001	4.60399930e-004	
2.97000000e+001	4.63303562e-004	
2.98000000e+001	4.66148374e-004	
2.99000000e+001	4.69021032e-004	
3.00000000e+001	1.51035440e-004	
3.01000000e+001	1.51083908e-004	
3.02000000e+001	1.51260100e-004	
3.03000000e+001	1.51577843e-004	
3.04000000e+001	1.51797286e-004	
3.05000000e+001	1.51964396e-004	
3.06000000e+001	1.52187201e-004	
3.07000000e+001	1.52497289e-004	
3.08000000e+001	1.53076474e-004	
3.09000000e+001	1.53783123e-004	
3.10000000e+001	1.54505219e-004	
3.11000000e+001	1.55217791e-004	
3.12000000e+001	1.55928778e-004	
3.13000000e+001	1.56679620e-004	
3.14000000e+001	1.57561260e-004	
3.15000000e+001	1.58482187e-004	
3.16000000e+001	1.59672119e-004	
3.17000000e+001	1.60937868e-004	
3.18000000e+001	1.62161895e-004	
3.19000000e+001	1.63346689e-004	
3.20000000e+001	1.64575171e-004	
3.21000000e+001	1.65921521e-004	
3.22000000e+001	1.67302228e-004	
3.23000000e+001	1.69037085e-004	
3.24000000e+001	1.70707107e-004	
3.25000000e+001	1.72307298e-004	
3.26000000e+001	1.74012641e-004	
3.27000000e+001	1.75944195e-004	
3.28000000e+001	1.77729996e-004	
3.29000000e+001	1.79590979e-004	
3.30000000e+001	1.81410446e-004	
3.31000000e+001	1.83198004e-004	
3.32000000e+001	1.85108225e-004	
3.33000000e+001	1.87037729e-004	
3.34000000e+001	1.89060703e-004	
3.35000000e+001	1.91706719e-004	
3.36000000e+001	1.94356864e-004	
3.37000000e+001	1.96185849e-004	
3.38000000e+001	1.97889424e-004	
3.39000000e+001	1.99622630e-004	
3.40000000e+001	2.02040671e-004	
3.41000000e+001	2.05029381e-004	
3.42000000e+001	2.07970621e-004	
3.43000000e+001	2.10854041e-004	
3.44000000e+001	2.14002163e-004	
3.45000000e+001	2.17245850e-004	
3.46000000e+001	2.20238025e-004	
3.47000000e+001	2.22894249e-004	
3.48000000e+001	2.25178153e-004	
3.49000000e+001	2.27778648e-004	
3.50000000e+001	2.30670448e-004	
3.51000000e+001	2.33405459e-004	
3.52000000e+001	2.36241244e-004	
3.53000000e+001	2.39333213e-004	
3.54000000e+001	2.42995039e-004	
3.55000000e+001	2.46621734e-004	
3.56000000e+001	2.49287447e-004	
3.57000000e+001	2.52021308e-004	
3.58000000e+001	2.54773096e-004	
3.59000000e+001	2.57699758e-004	
3.60000000e+001	2.61072585e-004	
3.61000000e+001	2.64504450e-004	
3.62000000e+001	2.68220381e-004	
3.63000000e+001	2.72564674e-004	
3.64000000e+001	2.76092016e-004	
3.65000000e+001	2.79450657e-004	
3.66000000e+001	2.82909446e-004	
3.67000000e+001	2.86414172e-004	
3.68000000e+001	2.89929810e-004	
3.69000000e+001	2.93909345e-004	
3.70000000e+001	2.98008584e-004	
3.71000000e+001	3.01962578e-004	
3.72000000e+001	3.05288256e-004	
3.73000000e+001	3.08891046e-004	
3.74000000e+001	3.12800397e-004	
3.75000000e+001	3.16802643e-004	
3.76000000e+001	3.20802453e-004	
3.77000000e+001	3.24655571e-004	
3.78000000e+001	3.28618039e-004	
3.79000000e+001	3.30047657e-004	
3.80000000e+001	3.11481869e-004	
3.81000000e+001	2.99604580e-004	
3.82000000e+001	2.88103486e-004	
3.83000000e+001	2.78708612e-004	
3.84000000e+001	2.60907813e-004	
3.85000000e+001	2.44770054e-004	
3.86000000e+001	2.31914978e-004	
3.87000000e+001	2.22911238e-004	
3.88000000e+001	2.17433946e-004	
3.89000000e+001	2.14151318e-004	
3.90000000e+001	2.13302780e-004	
3.91000000e+001	2.15134251e-004	
3.92000000e+001	2.19578682e-004	
3.93000000e+001	2.26482297e-004	
3.94000000e+001	2.35629043e-004	
3.95000000e+001	2.48975636e-004	
3.96000000e+001	2.65048693e-004	
3.97000000e+001	2.83125106e-004	
3.98000000e+001	3.02942349e-004	
3.99000000e+001	3.24143870e-004	
4.00000000e+001	3.46475640e-004	
4.01000000e+001	3.69850476e-004	
4.02000000e+001	3.94614511e-004	
4.03000000e+001	4.19957465e-004	
4.04000000e+001	4.45780614e-004	
4.05000000e+001	4.72005150e-004	
4.06000000e+001	5.00271156e-004	
4.07000000e+001	5.29255237e-004	
4.08000000e+001	5.57597522e-004	
4.09000000e+001	5.85964624e-004	
4.10000000e+001	6.14508724e-004	
4.11000000e+001	6.43206257e-004	
4.12000000e+001	6.72037568e-004	
4.13000000e+001	7.00986151e-004	
4.14000000e+001	7.30038055e-004	
4.15000000e+001	7.57875726e-004	
4.16000000e+001	7.85675756e-004	
4.17000000e+001	8.13590383e-004	
4.18000000e+001	8.41125172e-004	
4.19000000e+001	8.65927926e-004	
4.20000000e+001	8.90793567e-004	
4.21000000e+001	9.15716972e-004	
4.22000000e+001	9.40693551e-004	
4.23000000e+001	9.65719177e-004	
4.24000000e+001	9.90164178e-004	
4.25000000e+001	1.01411772e-003	
4.26000000e+001	1.03809951e-003	
4.27000000e+001	1.06210762e-003	
4.28000000e+001	1.08614032e-003	
4.29000000e+001	1.11019599e-003	
4.30000000e+001	1.13427319e-003	
4.31000000e+001	1.16211862e-003	
4.32000000e+001	1.19320567e-003	
4.33000000e+001	1.22432834e-003	
4.34000000e+001	1.25532025e-003	
4.35000000e+001	1.28623966e-003	
4.36000000e+001	1.31720014e-003	
4.37000000e+001	1.34660373e-003	
4.38000000e+001	1.37337741e-003	
4.39000000e+001	1.40017110e-003	
4.40000000e+001	1.42698365e-003	
4.41000000e+001	1.45381404e-003	
4.42000000e+001	1.48066128e-003	
4.43000000e+001	1.50753631e-003	
4.44000000e+001	1.53437153e-003	
4.45000000e+001	1.56152766e-003	
4.46000000e+001	1.58907129e-003	
4.47000000e+001	1.61663911e-003	
4.48000000e+001	1.64441499e-003	
4.49000000e+001	1.67254512e-003	
4.50000000e+001	1.70263037e-003	
4.51000000e+001	1.73007344e-003	
4.52000000e+001	1.75980533e-003	
4.53000000e+001	1.79052075e-003	
4.54000000e+001	1.81938055e-003	
4.55000000e+001	1.84537009e-003	
4.56000000e+001	1.87027815e-003	
4.57000000e+001	1.90037537e-003	
4.58000000e+001	1.93358797e-003	
4.59000000e+001	1.95085390e-003	
4.60000000e+001	1.98460606e-003	
4.61000000e+001	1.98332328e-003	
4.62000000e+001	1.98204223e-003	
4.63000000e+001	1.98032559e-003	
4.64000000e+001	1.97815378e-003	
4.65000000e+001	1.97557171e-003	
4.66000000e+001	1.97264404e-003	
4.67000000e+001	1.96856236e-003	
4.68000000e+001	1.96511628e-003	
4.69000000e+001	1.96273710e-003	
4.70000000e+001	1.96056059e-003	
4.71000000e+001	1.95838627e-003	
4.72000000e+001	1.95618719e-003	
4.73000000e+001	1.95386673e-003	
4.74000000e+001	1.95143536e-003	
4.75000000e+001	1.94904730e-003	
4.76000000e+001	1.94687246e-003	
4.77000000e+001	1.94490461e-003	
4.78000000e+001	1.94276152e-003	
4.79000000e+001	1.94083203e-003	
4.80000000e+001	1.93941641e-003	
4.81000000e+001	1.93785349e-003	
4.82000000e+001	1.93680319e-003	
4.83000000e+001	1.93535446e-003	
4.84000000e+001	1.93397606e-003	
4.85000000e+001	1.93144438e-003	
4.86000000e+001	1.92966341e-003	
4.87000000e+001	1.92843096e-003	
4.88000000e+001	1.92729360e-003	
4.89000000e+001	1.92619000e-003	
4.90000000e+001	1.92591965e-003	
4.91000000e+001	1.92574795e-003	
4.92000000e+001	1.92532615e-003	
4.93000000e+001	1.92444556e-003	
4.94000000e+001	1.92338512e-003	
4.95000000e+001	1.92261641e-003	
4.96000000e+001	1.92205708e-003	
4.97000000e+001	1.92157961e-003	
4.98000000e+001	1.92122369e-003	
4.99000000e+001	1.92128711e-003	
5.00000000e+001	1.92144159e-003	
5.01000000e+001	1.92149755e-003	
5.02000000e+001	1.92162484e-003	
5.03000000e+001	1.92181708e-003	
5.04000000e+001	1.92212751e-003	
5.05000000e+001	1.92279500e-003	
5.06000000e+001	1.92362442e-003	
5.07000000e+001	1.92401583e-003	
5.08000000e+001	1.92465381e-003	
5.09000000e+001	1.92529931e-003	
5.10000000e+001	1.92591581e-003	
5.11000000e+001	1.92651480e-003	
5.12000000e+001	1.92737531e-003	
5.13000000e+001	1.92909330e-003	
5.14000000e+001	1.93075634e-003	
5.15000000e+001	1.93167053e-003	
5.16000000e+001	1.93260947e-003	
5.17000000e+001	1.93398591e-003	
5.18000000e+001	1.93546852e-003	
5.19000000e+001	1.93776691e-003	
5.20000000e+001	1.93999273e-003	
5.21000000e+001	1.94146301e-003	
5.22000000e+001	1.94294027e-003	
5.23000000e+001	1.94469290e-003	
5.24000000e+001	1.94704432e-003	
5.25000000e+001	1.94956857e-003	
5.26000000e+001	1.95213661e-003	
5.27000000e+001	1.95461772e-003	
5.28000000e+001	1.95687526e-003	
5.29000000e+001	1.95880133e-003	
5.30000000e+001	1.96073231e-003	
5.31000000e+001	1.96298408e-003	
5.32000000e+001	1.96565395e-003	
5.33000000e+001	1.96832766e-003	
5.34000000e+001	1.97141150e-003	
5.35000000e+001	1.97457522e-003	
5.36000000e+001	1.97730610e-003	
5.37000000e+001	1.97981573e-003	
5.38000000e+001	1.98068572e-003	
5.39000000e+001	1.97601600e-003	
5.40000000e+001	1.97135132e-003	
5.41000000e+001	1.94963505e-003	
5.42000000e+001	1.92845459e-003	
5.43000000e+001	1.89904002e-003	
5.44000000e+001	1.87069265e-003	
5.45000000e+001	1.84277599e-003	
5.46000000e+001	1.81515246e-003	
5.47000000e+001	1.78778619e-003	
5.48000000e+001	1.75880622e-003	
5.49000000e+001	1.72954303e-003	
5.50000000e+001	1.70252755e-003	
5.51000000e+001	1.67625989e-003	
5.52000000e+001	1.64938199e-003	
5.53000000e+001	1.61952248e-003	
5.54000000e+001	1.58923533e-003	
5.55000000e+001	1.55867566e-003	
5.56000000e+001	1.53038523e-003	
5.57000000e+001	1.50401278e-003	
5.58000000e+001	1.47765086e-003	
5.59000000e+001	1.45130004e-003	
5.60000000e+001	1.42496094e-003	
5.61000000e+001	1.39870070e-003	
5.62000000e+001	1.37201266e-003	
5.63000000e+001	1.34445873e-003	
5.64000000e+001	1.31675785e-003	
5.65000000e+001	1.28908461e-003	
5.66000000e+001	1.26144083e-003	
5.67000000e+001	1.23382849e-003	
5.68000000e+001	1.20624975e-003	
5.69000000e+001	1.17905929e-003	
5.70000000e+001	1.15226476e-003	
5.71000000e+001	1.12550762e-003	
5.72000000e+001	1.09879062e-003	
5.73000000e+001	1.07193495e-003	
5.74000000e+001	1.04222963e-003	
5.75000000e+001	1.01257304e-003	
5.76000000e+001	9.82969606e-004	
5.77000000e+001	9.53424271e-004	
5.78000000e+001	9.23942612e-004	
5.79000000e+001	8.94521281e-004	
5.80000000e+001	8.64987133e-004	
5.81000000e+001	8.35543889e-004	
5.82000000e+001	8.06201509e-004	
5.83000000e+001	7.80288574e-004	
5.84000000e+001	7.54887629e-004	
5.85000000e+001	7.29566348e-004	
5.86000000e+001	7.04333324e-004	
5.87000000e+001	6.79198393e-004	
5.88000000e+001	6.54172861e-004	
5.89000000e+001	6.29269782e-004	
5.90000000e+001	6.04653634e-004	
5.91000000e+001	5.81142914e-004	
5.92000000e+001	5.57738978e-004	
5.93000000e+001	5.34525371e-004	
5.94000000e+001	5.11528005e-004	
5.95000000e+001	4.88777404e-004	
5.96000000e+001	4.66309688e-004	
5.97000000e+001	4.42691776e-004	
5.98000000e+001	4.15777253e-004	
5.99000000e+001	3.89367828e-004	
6.00000000e+001	3.63573586e-004	
6.01000000e+001	3.39043253e-004	
6.02000000e+001	3.17339180e-004	
6.03000000e+001	2.96965760e-004	
6.04000000e+001	2.78215472e-004	
6.05000000e+001	2.61437784e-004	
6.06000000e+001	2.46883420e-004	
6.07000000e+001	2.34015493e-004	
6.08000000e+001	2.23169247e-004	
6.09000000e+001	2.14651365e-004	
6.10000000e+001	2.08747068e-004	
6.11000000e+001	2.08667465e-004	
6.12000000e+001	2.12853942e-004	
6.13000000e+001	2.20457568e-004	
6.14000000e+001	2.30559437e-004	
6.15000000e+001	2.43773352e-004	
6.16000000e+001	2.59734501e-004	
6.17000000e+001	2.77521466e-004	
6.18000000e+001	2.90704997e-004	
6.19000000e+001	3.05491934e-004	
6.20000000e+001	3.21086251e-004	
6.21000000e+001	3.24010274e-004	
6.22000000e+001	3.27131600e-004	
6.23000000e+001	3.23500328e-004	
6.24000000e+001	3.19951219e-004	
6.25000000e+001	3.16634073e-004	
6.26000000e+001	3.13265733e-004	
6.27000000e+001	3.09402178e-004	
6.28000000e+001	3.05634496e-004	
6.29000000e+001	3.01900757e-004	
6.30000000e+001	2.98095254e-004	
6.31000000e+001	2.94231490e-004	
6.32000000e+001	2.90414478e-004	
6.33000000e+001	2.86802381e-004	
6.34000000e+001	2.83437103e-004	
6.35000000e+001	2.80077120e-004	
6.36000000e+001	2.76131801e-004	
6.37000000e+001	2.72210620e-004	
6.38000000e+001	2.68865656e-004	
6.39000000e+001	2.65772662e-004	
6.40000000e+001	2.62698061e-004	
6.41000000e+001	2.59271603e-004	
6.42000000e+001	2.55785169e-004	
6.43000000e+001	2.52103504e-004	
6.44000000e+001	2.49069298e-004	
6.45000000e+001	2.46088848e-004	
6.46000000e+001	2.43116765e-004	
6.47000000e+001	2.39980362e-004	
6.48000000e+001	2.36790333e-004	
6.49000000e+001	2.33472811e-004	
6.50000000e+001	2.30260018e-004	
6.51000000e+001	2.27678404e-004	
6.52000000e+001	2.24894303e-004	
6.53000000e+001	2.21942450e-004	
6.54000000e+001	2.19119078e-004	
6.55000000e+001	2.16304015e-004	
6.56000000e+001	2.13503583e-004	
6.57000000e+001	2.10896081e-004	
6.58000000e+001	2.08637788e-004	
6.59000000e+001	2.06402581e-004	
6.60000000e+001	2.03908903e-004	
6.61000000e+001	2.01380551e-004	
6.62000000e+001	1.98797702e-004	
6.63000000e+001	1.95936256e-004	
6.64000000e+001	1.93717187e-004	
6.65000000e+001	1.91825674e-004	
6.66000000e+001	1.89682367e-004	
6.67000000e+001	1.87444897e-004	
6.68000000e+001	1.85075403e-004	
6.69000000e+001	1.83054237e-004	
6.70000000e+001	1.81192472e-004	
6.71000000e+001	1.79245812e-004	
6.72000000e+001	1.77425087e-004	
6.73000000e+001	1.75799625e-004	
6.74000000e+001	1.74200262e-004	
6.75000000e+001	1.72584306e-004	
6.76000000e+001	1.71045503e-004	
6.77000000e+001	1.69490664e-004	
6.78000000e+001	1.68001933e-004	
6.79000000e+001	1.66574486e-004	
6.80000000e+001	1.65084433e-004	
6.81000000e+001	1.63587880e-004	
6.82000000e+001	1.62132668e-004	
6.83000000e+001	1.60807632e-004	
6.84000000e+001	1.59575366e-004	
6.85000000e+001	1.58482591e-004	
6.86000000e+001	1.57639561e-004	
6.87000000e+001	1.56933266e-004	
6.88000000e+001	1.56107016e-004	
6.89000000e+001	1.55111719e-004	
6.90000000e+001	1.54221406e-004	
6.91000000e+001	1.53663204e-004	
6.92000000e+001	1.53152569e-004	
6.93000000e+001	1.52605793e-004	
6.94000000e+001	1.51944341e-004	
6.95000000e+001	1.51354766e-004	
6.96000000e+001	1.51185791e-004	
6.97000000e+001	1.51155261e-004	
6.98000000e+001	1.51154021e-004	
6.99000000e+001	1.50982822e-004	
7.00000000e+001	4.70575308e-004	
7.01000000e+001	4.68199433e-004	
7.02000000e+001	4.65187540e-004	
7.03000000e+001	4.62114656e-004	
7.04000000e+001	4.59305355e-004	
7.05000000e+001	4.56091964e-004	
7.06000000e+001	4.53374092e-004	
7.07000000e+001	4.50896300e-004	
7.08000000e+001	4.48321807e-004	
7.09000000e+001	4.45691090e-004	
7.10000000e+001	4.43061999e-004	
7.11000000e+001	4.40408489e-004	
7.12000000e+001	4.37772983e-004	
7.13000000e+001	4.35137755e-004	
7.14000000e+001	4.32502714e-004	
7.15000000e+001	4.29797584e-004	
7.16000000e+001	4.26732713e-004	
7.17000000e+001	4.24280490e-004	
7.18000000e+001	4.21829298e-004	
7.19000000e+001	4.19379156e-004	
7.20000000e+001	4.16930082e-004	
7.21000000e+001	4.14473674e-004	
7.22000000e+001	4.12174395e-004	
7.23000000e+001	4.09980970e-004	
7.24000000e+001	4.07788383e-004	
7.25000000e+001	4.05596648e-004	
7.26000000e+001	4.03405777e-004	
7.27000000e+001	4.01215787e-004	
7.28000000e+001	3.99026691e-004	
7.29000000e+001	3.96838503e-004	
7.30000000e+001	3.94651240e-004	
7.31000000e+001	3.92464916e-004	
7.32000000e+001	3.90228599e-004	
7.33000000e+001	3.88275604e-004	
7.34000000e+001	3.86356026e-004	
7.35000000e+001	3.84437317e-004	
7.36000000e+001	3.82519489e-004	
7.37000000e+001	3.80602557e-004	
7.38000000e+001	3.78686534e-004	
7.39000000e+001	3.76771434e-004	
7.40000000e+001	3.74857271e-004	
7.41000000e+001	3.72944059e-004	
7.42000000e+001	3.71031813e-004	
7.43000000e+001	3.69178038e-004	
7.44000000e+001	3.67544311e-004	
7.45000000e+001	3.65904474e-004	
7.46000000e+001	3.64243540e-004	
7.47000000e+001	3.62582615e-004	
7.48000000e+001	3.60921700e-004	
7.49000000e+001	3.59260796e-004	
7.50000000e+001	3.57599901e-004	
7.51000000e+001	3.55939017e-004	
7.52000000e+001	3.54278143e-004	
7.53000000e+001	3.52617279e-004	
7.54000000e+001	3.50956427e-004	
7.55000000e+001	3.49295585e-004	
7.56000000e+001	3.47516357e-004	
7.57000000e+001	3.45568009e-004	
7.58000000e+001	3.43618212e-004	
7.59000000e+001	3.41668644e-004	
7.60000000e+001	3.39719309e-004	
7.61000000e+001	3.37770211e-004	
7.62000000e+001	3.35821353e-004	
7.63000000e+001	3.33952397e-004	
7.64000000e+001	3.32197992e-004	
7.65000000e+001	3.30443860e-004	
7.66000000e+001	3.28690007e-004	
7.67000000e+001	3.26936436e-004	
7.68000000e+001	3.25197851e-004	
7.69000000e+001	3.23466832e-004	
7.70000000e+001	3.21736336e-004	
7.71000000e+001	3.20006371e-004	
7.72000000e+001	3.18276947e-004	
7.73000000e+001	3.16980005e-004	
7.74000000e+001	3.15765529e-004	
7.75000000e+001	3.14551175e-004	
7.76000000e+001	3.13336945e-004	
7.77000000e+001	3.12122839e-004	
7.78000000e+001	3.10908859e-004	
7.79000000e+001	3.09695007e-004	
7.80000000e+001	3.08481285e-004	
7.81000000e+001	3.07267693e-004	
7.82000000e+001	3.06054234e-004	
7.83000000e+001	3.04840908e-004	
7.84000000e+001	3.03627719e-004	
7.85000000e+001	3.02414666e-004	
7.86000000e+001	3.01097164e-004	
7.87000000e+001	2.99752636e-004	
7.88000000e+001	2.98408227e-004	
7.89000000e+001	2.97063938e-004	
7.90000000e+001	2.95719771e-004	
7.91000000e+001	2.94375728e-004	
7.92000000e+001	2.93031811e-004	
7.93000000e+001	2.91688021e-004	
7.94000000e+001	2.90329952e-004	
7.95000000e+001	2.88886248e-004	
7.96000000e+001	2.87491110e-004	
7.97000000e+001	2.86099061e-004	
7.98000000e+001	2.84707099e-004	
7.99000000e+001	2.83315226e-004	
8.00000000e+001	2.81923444e-004	
8.01000000e+001	2.80531754e-004	
8.02000000e+001	2.79140158e-004	
8.03000000e+001	2.77799224e-004	
8.04000000e+001	2.76614292e-004	
8.05000000e+001	2.75429441e-004	
8.06000000e+001	2.74325664e-004	
8.07000000e+001	2.73240610e-004	
8.08000000e+001	2.72155616e-004	
8.09000000e+001	2.71070684e-004	
8.10000000e+001	2.69985815e-004	
8.11000000e+001	2.68907715e-004	
8.12000000e+001	2.67832182e-004	
8.13000000e+001	2.66756703e-004	
8.14000000e+001	2.65681278e-004	
8.15000000e+001	2.64605908e-004	
8.16000000e+001	2.63530594e-004	
8.17000000e+001	2.62449818e-004	
8.18000000e+001	2.61364549e-004	
8.19000000e+001	2.60279286e-004	
8.20000000e+001	2.59194029e-004	
8.21000000e+001	2.58108776e-004	
8.22000000e+001	2.57023529e-004	
8.23000000e+001	2.55938288e-004	
8.24000000e+001	2.54853052e-004	
8.25000000e+001	2.53767821e-004	
8.26000000e+001	2.52588836e-004	
8.27000000e+001	2.51438307e-004	
8.28000000e+001	2.50291180e-004	
8.29000000e+001	2.49144103e-004	
8.30000000e+001	2.47961074e-004	
8.31000000e+001	2.46761763e-004	
8.32000000e+001	2.45562509e-004	
8.33000000e+001	2.44363311e-004	
8.34000000e+001	2.43164170e-004	
8.35000000e+001	2.42087455e-004	
8.36000000e+001	2.41162029e-004	
8.37000000e+001	2.40297407e-004	
8.38000000e+001	2.39474568e-004	
8.39000000e+001	2.38651761e-004	
8.40000000e+001	2.37828988e-004	
8.41000000e+001	2.37006248e-004	
8.42000000e+001	2.36183542e-004	
8.43000000e+001	2.35360870e-004	
8.44000000e+001	2.34538233e-004	
8.45000000e+001	2.33715631e-004	
8.46000000e+001	2.32893065e-004	
8.47000000e+001	2.32070534e-004	
8.48000000e+001	2.31248039e-004	
8.49000000e+001	2.30405769e-004	
8.50000000e+001	2.29429504e-004	
8.51000000e+001	2.28374731e-004	
8.52000000e+001	2.27307929e-004	
8.53000000e+001	2.26241140e-004	
8.54000000e+001	2.25174365e-004	
8.55000000e+001	2.24107605e-004	
8.56000000e+001	2.23040860e-004	
8.57000000e+001	2.22010407e-004	
8.58000000e+001	2.21156981e-004	
8.59000000e+001	2.20303559e-004	
8.60000000e+001	2.19450142e-004	
8.61000000e+001	2.18596730e-004	
8.62000000e+001	2.17743323e-004	
8.63000000e+001	2.16889920e-004	
8.64000000e+001	2.16036523e-004	
8.65000000e+001	2.15183130e-004	
8.66000000e+001	2.14329743e-004	
8.67000000e+001	2.13476361e-004	
8.68000000e+001	2.12625976e-004	
8.69000000e+001	2.11763036e-004	
8.70000000e+001	2.10899841e-004	
8.71000000e+001	2.10036491e-004	
8.72000000e+001	2.09173181e-004	
8.73000000e+001	2.08309912e-004	
8.74000000e+001	2.07446684e-004	
8.75000000e+001	2.06583498e-004	
8.76000000e+001	2.05720354e-004	
8.77000000e+001	2.04857253e-004	
8.78000000e+001	2.03994195e-004	
8.79000000e+001	2.03131181e-004	
8.80000000e+001	2.02360553e-004	
8.81000000e+001	2.01622624e-004	
8.82000000e+001	2.00884706e-004	
8.83000000e+001	2.00146800e-004	
8.84000000e+001	1.99408905e-004	
8.85000000e+001	1.98671023e-004	
8.86000000e+001	1.97933152e-004	
8.87000000e+001	1.97195293e-004	
8.88000000e+001	1.96457447e-004	
8.89000000e+001	1.95721723e-004	
8.90000000e+001	1.94987751e-004	
8.91000000e+001	1.94253791e-004	
8.92000000e+001	1.93507756e-004	
8.93000000e+001	1.92849020e-004	
8.94000000e+001	1.92177731e-004	
8.95000000e+001	1.91506459e-004	
8.96000000e+001	1.90835203e-004	
8.97000000e+001	1.90163965e-004	
8.98000000e+001	1.89492744e-004	
8.99000000e+001	1.88821541e-004	
9.00000000e+001	1.88150356e-004	
9.01000000e+001	1.87479189e-004	
9.02000000e+001	1.86808040e-004	
9.03000000e+001	1.86136909e-004	
9.04000000e+001	1.85465798e-004	
9.05000000e+001	1.84807838e-004	
9.06000000e+001	1.84151197e-004	
9.07000000e+001	1.83494625e-004	
9.08000000e+001	1.82838124e-004	
9.09000000e+001	1.82127308e-004	
9.10000000e+001	1.81406557e-004	
9.11000000e+001	1.80685815e-004	
9.12000000e+001	1.79965084e-004	
9.13000000e+001	1.79244363e-004	
9.14000000e+001	1.78523652e-004	
9.15000000e+001	1.77802952e-004	
9.16000000e+001	1.77092547e-004	
9.17000000e+001	1.76385013e-004	
9.18000000e+001	1.75677506e-004	
9.19000000e+001	1.74993591e-004	
9.20000000e+001	1.74347486e-004	
9.21000000e+001	1.73701396e-004	
9.22000000e+001	1.73055322e-004	
9.23000000e+001	1.72409263e-004	
9.24000000e+001	1.71763220e-004	
9.25000000e+001	1.71117193e-004	
9.26000000e+001	1.70471182e-004	
9.27000000e+001	1.69836130e-004	
9.28000000e+001	1.69275104e-004	
9.29000000e+001	1.68714081e-004	
9.30000000e+001	1.68134966e-004	
9.31000000e+001	1.67554296e-004	
9.32000000e+001	1.66973632e-004	
9.33000000e+001	1.66392972e-004	
9.34000000e+001	1.65812318e-004	
9.35000000e+001	1.65231668e-004	
9.36000000e+001	1.64651024e-004	
9.37000000e+001	1.64070385e-004	
9.38000000e+001	1.63489751e-004	
9.39000000e+001	1.62909123e-004	
9.40000000e+001	1.62328500e-004	
9.41000000e+001	1.61747882e-004	
9.42000000e+001	1.61167270e-004	
9.43000000e+001	1.60577068e-004	
9.44000000e+001	1.60010191e-004	
9.45000000e+001	1.59458388e-004	
9.46000000e+001	1.58906588e-004	
9.47000000e+001	1.58354791e-004	
9.48000000e+001	1.57802996e-004	
9.49000000e+001	1.57251205e-004	
9.50000000e+001	1.56699417e-004	
9.51000000e+001	1.56147631e-004	
9.52000000e+001	1.55595849e-004	
9.53000000e+001	1.55044070e-004	
9.54000000e+001	1.54492294e-004	
9.55000000e+001	1.53940521e-004	
9.56000000e+001	1.53415295e-004	
9.57000000e+001	1.52946997e-004	
9.58000000e+001	1.52478715e-004	
9.59000000e+001	1.52010448e-004	
9.60000000e+001	1.51542198e-004	
9.61000000e+001	1.51073963e-004	
9.62000000e+001	1.50572373e-004	
9.63000000e+001	1.50062831e-004	
9.64000000e+001	1.49553297e-004	
9.65000000e+001	1.49043772e-004	
9.66000000e+001	1.48534257e-004	
9.67000000e+001	1.48024750e-004	
9.68000000e+001	1.47515252e-004	
9.69000000e+001	1.47005764e-004	
9.70000000e+001	1.46496285e-004	
9.71000000e+001	1.45986815e-004	
9.72000000e+001	1.45431561e-004	
9.73000000e+001	1.44947758e-004	
9.74000000e+001	1.44459163e-004	
9.75000000e+001	1.43962069e-004	
9.76000000e+001	1.43465009e-004	
9.77000000e+001	1.42967982e-004	
9.78000000e+001	1.42470989e-004	
9.79000000e+001	1.41974031e-004	
9.80000000e+001	1.41477107e-004	
9.81000000e+001	1.40980219e-004	
9.82000000e+001	1.40487763e-004	
9.83000000e+001	1.40049121e-004	
9.84000000e+001	1.39616246e-004	
9.85000000e+001	1.39183386e-004	
9.86000000e+001	1.38750543e-004	
9.87000000e+001	1.38317715e-004	
9.88000000e+001	1.37884903e-004	
9.89000000e+001	1.37452108e-004	
9.90000000e+001	1.37019328e-004	
9.91000000e+001	1.36586566e-004	
9.92000000e+001	1.36153820e-004	
9.93000000e+001	1.35722084e-004	
9.94000000e+001	1.35290708e-004	
9.95000000e+001	1.34859332e-004	
9.96000000e+001	1.34427956e-004	
9.97000000e+001	1.33996580e-004	
9.98000000e+001	1.33565204e-004	
9.99000000e+001	1.33133828e-004	
1.00000000e+002	1.32702452e-004	
