% Column 0: Length, mm
% Column 1: Potential, Volts
0.00000000e+000	-5.49973841e+003	
4.00000000e-002	-5.49974996e+003	
8.00000000e-002	-5.49976150e+003	
1.20000000e-001	-5.49977304e+003	
1.60000000e-001	-5.49978459e+003	
2.00000000e-001	-5.49984408e+003	
2.40000000e-001	-5.49998443e+003	
2.80000000e-001	-5.50012477e+003	
3.20000000e-001	-5.50026512e+003	
3.60000000e-001	-5.50037737e+003	
4.00000000e-001	-5.50053750e+003	
4.40000000e-001	-5.50073152e+003	
4.80000000e-001	-5.50092553e+003	
5.20000000e-001	-5.50111954e+003	
5.60000000e-001	-5.50131356e+003	
6.00000000e-001	-5.50156342e+003	
6.40000000e-001	-5.50179195e+003	
6.80000000e-001	-5.50202049e+003	
7.20000000e-001	-5.50230248e+003	
7.60000000e-001	-5.50264306e+003	
8.00000000e-001	-5.50298363e+003	
8.40000000e-001	-5.50334673e+003	
8.80000000e-001	-5.50371668e+003	
9.20000000e-001	-5.50408663e+003	
9.60000000e-001	-5.50445658e+003	
1.00000000e+000	-5.50491320e+003	
1.04000000e+000	-5.50538046e+003	
1.08000000e+000	-5.50584773e+003	
1.12000000e+000	-5.50631499e+003	
1.16000000e+000	-5.50674897e+003	
1.20000000e+000	-5.50717139e+003	
1.24000000e+000	-5.50767647e+003	
1.28000000e+000	-5.50823597e+003	
1.32000000e+000	-5.50878038e+003	
1.36000000e+000	-5.50932478e+003	
1.40000000e+000	-5.50986919e+003	
1.44000000e+000	-5.51049731e+003	
1.48000000e+000	-5.51114949e+003	
1.52000000e+000	-5.51180166e+003	
1.56000000e+000	-5.51245089e+003	
1.60000000e+000	-5.51308862e+003	
1.64000000e+000	-5.51372634e+003	
1.68000000e+000	-5.51436407e+003	
1.72000000e+000	-5.51503271e+003	
1.76000000e+000	-5.51574847e+003	
1.80000000e+000	-5.51646423e+003	
1.84000000e+000	-5.51726221e+003	
1.88000000e+000	-5.51810399e+003	
1.92000000e+000	-5.51894578e+003	
1.96000000e+000	-5.51978756e+003	
2.00000000e+000	-5.52058651e+003	
2.04000000e+000	-5.52141341e+003	
2.08000000e+000	-5.52234457e+003	
2.12000000e+000	-5.52327574e+003	
2.16000000e+000	-5.52418478e+003	
2.20000000e+000	-5.52507231e+003	
2.24000000e+000	-5.52595985e+003	
2.28000000e+000	-5.52684739e+003	
2.32000000e+000	-5.52782364e+003	
2.36000000e+000	-5.52884656e+003	
2.40000000e+000	-5.52990198e+003	
2.44000000e+000	-5.53095740e+003	
2.48000000e+000	-5.53201282e+003	
2.52000000e+000	-5.53306824e+003	
2.56000000e+000	-5.53412366e+003	
2.60000000e+000	-5.53516747e+003	
2.64000000e+000	-5.53631792e+003	
2.68000000e+000	-5.53745526e+003	
2.72000000e+000	-5.53859261e+003	
2.76000000e+000	-5.53972996e+003	
2.80000000e+000	-5.54086731e+003	
2.84000000e+000	-5.54203518e+003	
2.88000000e+000	-5.54328460e+003	
2.92000000e+000	-5.54453402e+003	
2.96000000e+000	-5.54582753e+003	
3.00000000e+000	-5.54714802e+003	
3.04000000e+000	-5.54846851e+003	
3.08000000e+000	-5.54978900e+003	
3.12000000e+000	-5.55110949e+003	
3.16000000e+000	-5.55242998e+003	
3.20000000e+000	-5.55374015e+003	
3.24000000e+000	-5.55514732e+003	
3.28000000e+000	-5.55662361e+003	
3.32000000e+000	-5.55808421e+003	
3.36000000e+000	-5.55954063e+003	
3.40000000e+000	-5.56099706e+003	
3.44000000e+000	-5.56245348e+003	
3.48000000e+000	-5.56390990e+003	
3.52000000e+000	-5.56536633e+003	
3.56000000e+000	-5.56682266e+003	
3.60000000e+000	-5.56827813e+003	
3.64000000e+000	-5.56988516e+003	
3.68000000e+000	-5.57150969e+003	
3.72000000e+000	-5.57312357e+003	
3.76000000e+000	-5.57473476e+003	
3.80000000e+000	-5.57634595e+003	
3.84000000e+000	-5.57798947e+003	
3.88000000e+000	-5.57967339e+003	
3.92000000e+000	-5.58135731e+003	
3.96000000e+000	-5.58305546e+003	
4.00000000e+000	-5.58483645e+003	
4.04000000e+000	-5.58661744e+003	
4.08000000e+000	-5.58839843e+003	
4.12000000e+000	-5.59017942e+003	
4.16000000e+000	-5.59196822e+003	
4.20000000e+000	-5.59382043e+003	
4.24000000e+000	-5.59567661e+003	
4.28000000e+000	-5.59753280e+003	
4.32000000e+000	-5.59938899e+003	
4.36000000e+000	-5.60124517e+003	
4.40000000e+000	-5.60319423e+003	
4.44000000e+000	-5.60517163e+003	
4.48000000e+000	-5.60714904e+003	
4.52000000e+000	-5.60915051e+003	
4.56000000e+000	-5.61116821e+003	
4.60000000e+000	-5.61318591e+003	
4.64000000e+000	-5.61528498e+003	
4.68000000e+000	-5.61739424e+003	
4.72000000e+000	-5.61950350e+003	
4.76000000e+000	-5.62159725e+003	
4.80000000e+000	-5.62368779e+003	
4.84000000e+000	-5.62588005e+003	
4.88000000e+000	-5.62809383e+003	
4.92000000e+000	-5.63030762e+003	
4.96000000e+000	-5.63252140e+003	
5.00000000e+000	-5.63473519e+003	
5.04000000e+000	-5.63699369e+003	
5.08000000e+000	-5.63925218e+003	
5.12000000e+000	-5.64151068e+003	
5.16000000e+000	-5.64376918e+003	
5.20000000e+000	-5.64602767e+003	
5.24000000e+000	-5.64839798e+003	
5.28000000e+000	-5.65082877e+003	
5.32000000e+000	-5.65325957e+003	
5.36000000e+000	-5.65569036e+003	
5.40000000e+000	-5.65812115e+003	
5.44000000e+000	-5.66059016e+003	
5.48000000e+000	-5.66313924e+003	
5.52000000e+000	-5.66568832e+003	
5.56000000e+000	-5.66819765e+003	
5.60000000e+000	-5.67069684e+003	
5.64000000e+000	-5.67327040e+003	
5.68000000e+000	-5.67590733e+003	
5.72000000e+000	-5.67851211e+003	
5.76000000e+000	-5.68110066e+003	
5.80000000e+000	-5.68368922e+003	
5.84000000e+000	-5.68640632e+003	
5.88000000e+000	-5.68914173e+003	
5.92000000e+000	-5.69189710e+003	
5.96000000e+000	-5.69465246e+003	
6.00000000e+000	-5.69740783e+003	
6.04000000e+000	-5.70016980e+003	
6.08000000e+000	-5.70300885e+003	
6.12000000e+000	-5.70590419e+003	
6.16000000e+000	-5.70879952e+003	
6.20000000e+000	-5.71169485e+003	
6.24000000e+000	-5.71459018e+003	
6.28000000e+000	-5.71748551e+003	
6.32000000e+000	-5.72038195e+003	
6.36000000e+000	-5.72339449e+003	
6.40000000e+000	-5.72642672e+003	
6.44000000e+000	-5.72945895e+003	
6.48000000e+000	-5.73249118e+003	
6.52000000e+000	-5.73552341e+003	
6.56000000e+000	-5.73855563e+003	
6.60000000e+000	-5.74164667e+003	
6.64000000e+000	-5.74480893e+003	
6.68000000e+000	-5.74800931e+003	
6.72000000e+000	-5.75121510e+003	
6.76000000e+000	-5.75442088e+003	
6.80000000e+000	-5.75762666e+003	
6.84000000e+000	-5.76083245e+003	
6.88000000e+000	-5.76408241e+003	
6.92000000e+000	-5.76743376e+003	
6.96000000e+000	-5.77078511e+003	
7.00000000e+000	-5.77413647e+003	
7.04000000e+000	-5.77751828e+003	
7.08000000e+000	-5.78090427e+003	
7.12000000e+000	-5.78429026e+003	
7.16000000e+000	-5.78767625e+003	
7.20000000e+000	-5.79113973e+003	
7.24000000e+000	-5.79471346e+003	
7.28000000e+000	-5.79828720e+003	
7.32000000e+000	-5.80186093e+003	
7.36000000e+000	-5.80543449e+003	
7.40000000e+000	-5.80900660e+003	
7.44000000e+000	-5.81262136e+003	
7.48000000e+000	-5.81634422e+003	
7.52000000e+000	-5.82006708e+003	
7.56000000e+000	-5.82378994e+003	
7.60000000e+000	-5.82751281e+003	
7.64000000e+000	-5.83121881e+003	
7.68000000e+000	-5.83492817e+003	
7.72000000e+000	-5.83880124e+003	
7.76000000e+000	-5.84268229e+003	
7.80000000e+000	-5.84656333e+003	
7.84000000e+000	-5.85044438e+003	
7.88000000e+000	-5.85432542e+003	
7.92000000e+000	-5.85820647e+003	
7.96000000e+000	-5.86208751e+003	
8.00000000e+000	-5.86598687e+003	
8.04000000e+000	-5.87009199e+003	
8.08000000e+000	-5.87419712e+003	
8.12000000e+000	-5.87830225e+003	
8.16000000e+000	-5.88240737e+003	
8.20000000e+000	-5.88651071e+003	
8.24000000e+000	-5.89058423e+003	
8.28000000e+000	-5.89468851e+003	
8.32000000e+000	-5.89892176e+003	
8.36000000e+000	-5.90316439e+003	
8.40000000e+000	-5.90740701e+003	
8.44000000e+000	-5.91164963e+003	
8.48000000e+000	-5.91589225e+003	
8.52000000e+000	-5.92027215e+003	
8.56000000e+000	-5.92467883e+003	
8.60000000e+000	-5.92909995e+003	
8.64000000e+000	-5.93352502e+003	
8.68000000e+000	-5.93795010e+003	
8.72000000e+000	-5.94238990e+003	
8.76000000e+000	-5.94692736e+003	
8.80000000e+000	-5.95146482e+003	
8.84000000e+000	-5.95600228e+003	
8.88000000e+000	-5.96062886e+003	
8.92000000e+000	-5.96527430e+003	
8.96000000e+000	-5.96991974e+003	
9.00000000e+000	-5.97458250e+003	
9.04000000e+000	-5.97927106e+003	
9.08000000e+000	-5.98395961e+003	
9.12000000e+000	-5.98874930e+003	
9.16000000e+000	-5.99357676e+003	
9.20000000e+000	-5.99840422e+003	
9.24000000e+000	-6.00323169e+003	
9.28000000e+000	-6.00806063e+003	
9.32000000e+000	-6.01299892e+003	
9.36000000e+000	-6.01799049e+003	
9.40000000e+000	-6.02298207e+003	
9.44000000e+000	-6.02797365e+003	
9.48000000e+000	-6.03296522e+003	
9.52000000e+000	-6.03798215e+003	
9.56000000e+000	-6.04315073e+003	
9.60000000e+000	-6.04833061e+003	
9.64000000e+000	-6.05351048e+003	
9.68000000e+000	-6.05869035e+003	
9.72000000e+000	-6.06387022e+003	
9.76000000e+000	-6.06905009e+003	
9.80000000e+000	-6.07422996e+003	
9.84000000e+000	-6.07945752e+003	
9.88000000e+000	-6.08474159e+003	
9.92000000e+000	-6.09019929e+003	
9.96000000e+000	-6.09565496e+003	
1.00000000e+001	-6.10108570e+003	
1.00400000e+001	-6.10651645e+003	
1.00800000e+001	-6.11194720e+003	
1.01200000e+001	-6.11741073e+003	
1.01600000e+001	-6.12288283e+003	
1.02000000e+001	-6.12850688e+003	
1.02400000e+001	-6.13416885e+003	
1.02800000e+001	-6.13983081e+003	
1.03200000e+001	-6.14549278e+003	
1.03600000e+001	-6.15118925e+003	
1.04000000e+001	-6.15699867e+003	
1.04400000e+001	-6.16280810e+003	
1.04800000e+001	-6.16861752e+003	
1.05200000e+001	-6.17442695e+003	
1.05600000e+001	-6.18030484e+003	
1.06000000e+001	-6.18620129e+003	
1.06400000e+001	-6.19209775e+003	
1.06800000e+001	-6.19801615e+003	
1.07200000e+001	-6.20395308e+003	
1.07600000e+001	-6.20989000e+003	
1.08000000e+001	-6.21595586e+003	
1.08400000e+001	-6.22212066e+003	
1.08800000e+001	-6.22828546e+003	
1.09200000e+001	-6.23445027e+003	
1.09600000e+001	-6.24061651e+003	
1.10000000e+001	-6.24679114e+003	
1.10400000e+001	-6.25302634e+003	
1.10800000e+001	-6.25940386e+003	
1.11200000e+001	-6.26578138e+003	
1.11600000e+001	-6.27214784e+003	
1.12000000e+001	-6.27847264e+003	
1.12400000e+001	-6.28485858e+003	
1.12800000e+001	-6.29134287e+003	
1.13200000e+001	-6.29782716e+003	
1.13600000e+001	-6.30431145e+003	
1.14000000e+001	-6.31080021e+003	
1.14400000e+001	-6.31738888e+003	
1.14800000e+001	-6.32404554e+003	
1.15200000e+001	-6.33085689e+003	
1.15600000e+001	-6.33766825e+003	
1.16000000e+001	-6.34447960e+003	
1.16400000e+001	-6.35127744e+003	
1.16800000e+001	-6.35801587e+003	
1.17200000e+001	-6.36475429e+003	
1.17600000e+001	-6.37149272e+003	
1.18000000e+001	-6.37826506e+003	
1.18400000e+001	-6.38515063e+003	
1.18800000e+001	-6.39205700e+003	
1.19200000e+001	-6.39903255e+003	
1.19600000e+001	-6.40600810e+003	
1.20000000e+001	-6.41303352e+003	
1.20400000e+001	-6.42013840e+003	
1.20800000e+001	-6.42724328e+003	
1.21200000e+001	-6.43445341e+003	
1.21600000e+001	-6.44175884e+003	
1.22000000e+001	-6.44906428e+003	
1.22400000e+001	-6.45636971e+003	
1.22800000e+001	-6.46362475e+003	
1.23200000e+001	-6.47089899e+003	
1.23600000e+001	-6.47842610e+003	
1.24000000e+001	-6.48595320e+003	
1.24400000e+001	-6.49348031e+003	
1.24800000e+001	-6.50100741e+003	
1.25200000e+001	-6.50853452e+003	
1.25600000e+001	-6.51605077e+003	
1.26000000e+001	-6.52354455e+003	
1.26400000e+001	-6.53103833e+003	
1.26800000e+001	-6.53858072e+003	
1.27200000e+001	-6.54631818e+003	
1.27600000e+001	-6.55412863e+003	
1.28000000e+001	-6.56189154e+003	
1.28400000e+001	-6.56963345e+003	
1.28800000e+001	-6.57737536e+003	
1.29200000e+001	-6.58532977e+003	
1.29600000e+001	-6.59335061e+003	
1.30000000e+001	-6.60137144e+003	
1.30400000e+001	-6.60939228e+003	
1.30800000e+001	-6.61741312e+003	
1.31200000e+001	-6.62543396e+003	
1.31600000e+001	-6.63345480e+003	
1.32000000e+001	-6.64147564e+003	
1.32400000e+001	-6.64947446e+003	
1.32800000e+001	-6.65771713e+003	
1.33200000e+001	-6.66597188e+003	
1.33600000e+001	-6.67422662e+003	
1.34000000e+001	-6.68248137e+003	
1.34400000e+001	-6.69073611e+003	
1.34800000e+001	-6.69899086e+003	
1.35200000e+001	-6.70736651e+003	
1.35600000e+001	-6.71581575e+003	
1.36000000e+001	-6.72426500e+003	
1.36400000e+001	-6.73285087e+003	
1.36800000e+001	-6.74145536e+003	
1.37200000e+001	-6.75005985e+003	
1.37600000e+001	-6.75866309e+003	
1.38000000e+001	-6.76725614e+003	
1.38400000e+001	-6.77584918e+003	
1.38800000e+001	-6.78469217e+003	
1.39200000e+001	-6.79354376e+003	
1.39600000e+001	-6.80234966e+003	
1.40000000e+001	-6.81112761e+003	
1.40400000e+001	-6.81990556e+003	
1.40800000e+001	-6.82868352e+003	
1.41200000e+001	-6.83747307e+003	
1.41600000e+001	-6.84654314e+003	
1.42000000e+001	-6.85561321e+003	
1.42400000e+001	-6.86468328e+003	
1.42800000e+001	-6.87375335e+003	
1.43200000e+001	-6.88280674e+003	
1.43600000e+001	-6.89187939e+003	
1.44000000e+001	-6.90102535e+003	
1.44400000e+001	-6.91017131e+003	
1.44800000e+001	-6.91932067e+003	
1.45200000e+001	-6.92864708e+003	
1.45600000e+001	-6.93797349e+003	
1.46000000e+001	-6.94729991e+003	
1.46400000e+001	-6.95664963e+003	
1.46800000e+001	-6.96601216e+003	
1.47200000e+001	-6.97537469e+003	
1.47600000e+001	-6.98486596e+003	
1.48000000e+001	-6.99445151e+003	
1.48400000e+001	-7.00403705e+003	
1.48800000e+001	-7.01362260e+003	
1.49200000e+001	-7.02320184e+003	
1.49600000e+001	-7.03271631e+003	
1.50000000e+001	-7.04243357e+003	
1.50400000e+001	-7.05220882e+003	
1.50800000e+001	-7.06199373e+003	
1.51200000e+001	-7.07177864e+003	
1.51600000e+001	-7.08156355e+003	
1.52000000e+001	-7.09134845e+003	
1.52400000e+001	-7.10113336e+003	
1.52800000e+001	-7.11097647e+003	
1.53200000e+001	-7.12083937e+003	
1.53600000e+001	-7.13085748e+003	
1.54000000e+001	-7.14088392e+003	
1.54400000e+001	-7.15091037e+003	
1.54800000e+001	-7.16093681e+003	
1.55200000e+001	-7.17106151e+003	
1.55600000e+001	-7.18120726e+003	
1.56000000e+001	-7.19134764e+003	
1.56400000e+001	-7.20144528e+003	
1.56800000e+001	-7.21154292e+003	
1.57200000e+001	-7.22184205e+003	
1.57600000e+001	-7.23220203e+003	
1.58000000e+001	-7.24256200e+003	
1.58400000e+001	-7.25289148e+003	
1.58800000e+001	-7.26320094e+003	
1.59200000e+001	-7.27351039e+003	
1.59600000e+001	-7.28400153e+003	
1.60000000e+001	-7.29453724e+003	
1.60400000e+001	-7.30507295e+003	
1.60800000e+001	-7.31560866e+003	
1.61200000e+001	-7.32614437e+003	
1.61600000e+001	-7.33668008e+003	
1.62000000e+001	-7.34721579e+003	
1.62400000e+001	-7.35775515e+003	
1.62800000e+001	-7.36846617e+003	
1.63200000e+001	-7.37917616e+003	
1.63600000e+001	-7.38988616e+003	
1.64000000e+001	-7.40059615e+003	
1.64400000e+001	-7.41130614e+003	
1.64800000e+001	-7.42201613e+003	
1.65200000e+001	-7.43283418e+003	
1.65600000e+001	-7.44375888e+003	
1.66000000e+001	-7.45468358e+003	
1.66400000e+001	-7.46563402e+003	
1.66800000e+001	-7.47659389e+003	
1.67200000e+001	-7.48755377e+003	
1.67600000e+001	-7.49851364e+003	
1.68000000e+001	-7.50947494e+003	
1.68400000e+001	-7.52046633e+003	
1.68800000e+001	-7.53145772e+003	
1.69200000e+001	-7.54256018e+003	
1.69600000e+001	-7.55372637e+003	
1.70000000e+001	-7.56489256e+003	
1.70400000e+001	-7.57605876e+003	
1.70800000e+001	-7.58722495e+003	
1.71200000e+001	-7.59839115e+003	
1.71600000e+001	-7.60955811e+003	
1.72000000e+001	-7.62072825e+003	
1.72400000e+001	-7.63205126e+003	
1.72800000e+001	-7.64338076e+003	
1.73200000e+001	-7.65471025e+003	
1.73600000e+001	-7.66603718e+003	
1.74000000e+001	-7.67734602e+003	
1.74400000e+001	-7.68869251e+003	
1.74800000e+001	-7.70015317e+003	
1.75200000e+001	-7.71163677e+003	
1.75600000e+001	-7.72312037e+003	
1.76000000e+001	-7.73460397e+003	
1.76400000e+001	-7.74608757e+003	
1.76800000e+001	-7.75757117e+003	
1.77200000e+001	-7.76905477e+003	
1.77600000e+001	-7.78053837e+003	
1.78000000e+001	-7.79207004e+003	
1.78400000e+001	-7.80364009e+003	
1.78800000e+001	-7.81522576e+003	
1.79200000e+001	-7.82681142e+003	
1.79600000e+001	-7.83839709e+003	
1.80000000e+001	-7.85004085e+003	
1.80400000e+001	-7.86171488e+003	
1.80800000e+001	-7.87338631e+003	
1.81200000e+001	-7.88505759e+003	
1.81600000e+001	-7.89672887e+003	
1.82000000e+001	-7.90850797e+003	
1.82400000e+001	-7.92029146e+003	
1.82800000e+001	-7.93207589e+003	
1.83200000e+001	-7.94387117e+003	
1.83600000e+001	-7.95566645e+003	
1.84000000e+001	-7.96749050e+003	
1.84400000e+001	-7.97932149e+003	
1.84800000e+001	-7.99115249e+003	
1.85200000e+001	-7.89006922e+003	
1.85600000e+001	-7.67607170e+003	
1.86000000e+001	-7.46207418e+003	
1.86400000e+001	-7.24807666e+003	
1.86800000e+001	-7.03407913e+003	
1.87200000e+001	-6.82008161e+003	
1.87600000e+001	-6.60614814e+003	
1.88000000e+001	-6.39222263e+003	
1.88400000e+001	-6.17829712e+003	
1.88800000e+001	-5.96436486e+003	
1.89200000e+001	-5.75044899e+003	
1.89600000e+001	-5.53655467e+003	
1.90000000e+001	-5.32266034e+003	
1.90400000e+001	-5.10876602e+003	
1.90800000e+001	-4.89487170e+003	
1.91200000e+001	-4.68098926e+003	
1.91600000e+001	-4.46714893e+003	
1.92000000e+001	-4.25330860e+003	
1.92400000e+001	-4.03946190e+003	
1.92800000e+001	-3.82560975e+003	
1.93200000e+001	-3.61176228e+003	
1.93600000e+001	-3.39794278e+003	
1.94000000e+001	-3.18412327e+003	
1.94400000e+001	-2.97030376e+003	
1.94800000e+001	-2.75648560e+003	
1.95200000e+001	-2.54267942e+003	
1.95600000e+001	-2.32888133e+003	
1.96000000e+001	-2.11509056e+003	
1.96400000e+001	-1.90129980e+003	
1.96800000e+001	-1.68750904e+003	
1.97200000e+001	-1.47371827e+003	
1.97600000e+001	-1.25992751e+003	
1.98000000e+001	-1.04614027e+003	
1.98400000e+001	-8.32360523e+002	
1.98800000e+001	-6.18580625e+002	
1.99200000e+001	-4.04800727e+002	
1.99600000e+001	-1.91020829e+002	
2.00000000e+001	2.27590695e+001	
2.00400000e+001	2.36538968e+002	
2.00800000e+001	4.50318866e+002	
2.01200000e+001	6.64096625e+002	
2.01600000e+001	8.77880016e+002	
2.02000000e+001	1.09166696e+003	
2.02400000e+001	1.30545390e+003	
2.02800000e+001	1.51924084e+003	
2.03200000e+001	1.73302778e+003	
2.03600000e+001	1.94681472e+003	
2.04000000e+001	2.16060954e+003	
2.04400000e+001	2.37440605e+003	
2.04800000e+001	2.58821033e+003	
2.05200000e+001	2.80201517e+003	
2.05600000e+001	3.01582001e+003	
2.06000000e+001	3.22962856e+003	
2.06400000e+001	3.44347177e+003	
2.06800000e+001	3.65731497e+003	
2.07200000e+001	3.87115818e+003	
2.07600000e+001	4.08500139e+003	
2.08000000e+001	4.29884493e+003	
2.08400000e+001	4.51269838e+003	
2.08800000e+001	4.72655182e+003	
2.09200000e+001	4.94040527e+003	
2.09600000e+001	5.15425938e+003	
2.10000000e+001	5.36815023e+003	
2.10400000e+001	5.58204626e+003	
2.10800000e+001	5.79596616e+003	
2.11200000e+001	6.00988605e+003	
2.11600000e+001	6.22380595e+003	
2.12000000e+001	6.43774248e+003	
2.12400000e+001	6.65168986e+003	
2.12800000e+001	6.86563724e+003	
2.13200000e+001	7.07958462e+003	
2.13600000e+001	7.29358386e+003	
2.14000000e+001	7.50760497e+003	
2.14400000e+001	7.72162609e+003	
2.14800000e+001	7.93564720e+003	
2.15200000e+001	8.03673890e+003	
2.15600000e+001	8.02490117e+003	
2.16000000e+001	8.01306344e+003	
2.16400000e+001	8.00122571e+003	
2.16800000e+001	7.98938799e+003	
2.17200000e+001	7.97763199e+003	
2.17600000e+001	7.96590126e+003	
2.18000000e+001	7.95417054e+003	
2.18400000e+001	7.94243982e+003	
2.18800000e+001	7.93071234e+003	
2.19200000e+001	7.91898404e+003	
2.19600000e+001	7.90725440e+003	
2.20000000e+001	7.89552476e+003	
2.20400000e+001	7.88390603e+003	
2.20800000e+001	7.87231403e+003	
2.21200000e+001	7.86072202e+003	
2.21600000e+001	7.84910228e+003	
2.22000000e+001	7.83748112e+003	
2.22400000e+001	7.82593817e+003	
2.22800000e+001	7.81445081e+003	
2.23200000e+001	7.80296344e+003	
2.23600000e+001	7.79147607e+003	
2.24000000e+001	7.77997934e+003	
2.24400000e+001	7.76846625e+003	
2.24800000e+001	7.75702251e+003	
2.25200000e+001	7.74565791e+003	
2.25600000e+001	7.73429332e+003	
2.26000000e+001	7.72292872e+003	
2.26400000e+001	7.71156412e+003	
2.26800000e+001	7.70019645e+003	
2.27200000e+001	7.68892779e+003	
2.27600000e+001	7.67765912e+003	
2.28000000e+001	7.66639046e+003	
2.28400000e+001	7.65512179e+003	
2.28800000e+001	7.64385313e+003	
2.29200000e+001	7.63267089e+003	
2.29600000e+001	7.62153480e+003	
2.30000000e+001	7.61039871e+003	
2.30400000e+001	7.59926262e+003	
2.30800000e+001	7.58812653e+003	
2.31200000e+001	7.57699044e+003	
2.31600000e+001	7.56595715e+003	
2.32000000e+001	7.55500586e+003	
2.32400000e+001	7.54405456e+003	
2.32800000e+001	7.53310327e+003	
2.33200000e+001	7.52215197e+003	
2.33600000e+001	7.51120068e+003	
2.34000000e+001	7.50024938e+003	
2.34400000e+001	7.48929809e+003	
2.34800000e+001	7.47840365e+003	
2.35200000e+001	7.46751773e+003	
2.35600000e+001	7.45674294e+003	
2.36000000e+001	7.44601654e+003	
2.36400000e+001	7.43526022e+003	
2.36800000e+001	7.42448391e+003	
2.37200000e+001	7.41370760e+003	
2.37600000e+001	7.40310252e+003	
2.38000000e+001	7.39253451e+003	
2.38400000e+001	7.38196863e+003	
2.38800000e+001	7.37150445e+003	
2.39200000e+001	7.36104027e+003	
2.39600000e+001	7.35057609e+003	
2.40000000e+001	7.34011191e+003	
2.40400000e+001	7.32964773e+003	
2.40800000e+001	7.31918355e+003	
2.41200000e+001	7.30871473e+003	
2.41600000e+001	7.29840090e+003	
2.42000000e+001	7.28807840e+003	
2.42400000e+001	7.27775589e+003	
2.42800000e+001	7.26743338e+003	
2.43200000e+001	7.25711087e+003	
2.43600000e+001	7.24693658e+003	
2.44000000e+001	7.23683200e+003	
2.44400000e+001	7.22672741e+003	
2.44800000e+001	7.21662283e+003	
2.45200000e+001	7.20651824e+003	
2.45600000e+001	7.19644263e+003	
2.46000000e+001	7.18640558e+003	
2.46400000e+001	7.17636854e+003	
2.46800000e+001	7.16633150e+003	
2.47200000e+001	7.15629446e+003	
2.47600000e+001	7.14637716e+003	
2.48000000e+001	7.13664563e+003	
2.48400000e+001	7.12691409e+003	
2.48800000e+001	7.11712354e+003	
2.49200000e+001	7.10731446e+003	
2.49600000e+001	7.09750539e+003	
2.50000000e+001	7.08781119e+003	
2.50400000e+001	7.07825530e+003	
2.50800000e+001	7.06869942e+003	
2.51200000e+001	7.05914353e+003	
2.51600000e+001	7.04958765e+003	
2.52000000e+001	7.04001054e+003	
2.52400000e+001	7.03057273e+003	
2.52800000e+001	7.02117429e+003	
2.53200000e+001	7.01173702e+003	
2.53600000e+001	7.00229975e+003	
2.54000000e+001	6.99286248e+003	
2.54400000e+001	6.98347180e+003	
2.54800000e+001	6.97426326e+003	
2.55200000e+001	6.96503931e+003	
2.55600000e+001	6.95576917e+003	
2.56000000e+001	6.94649902e+003	
2.56400000e+001	6.93722888e+003	
2.56800000e+001	6.92822503e+003	
2.57200000e+001	6.91923016e+003	
2.57600000e+001	6.91023530e+003	
2.58000000e+001	6.90124044e+003	
2.58400000e+001	6.89224479e+003	
2.58800000e+001	6.88332245e+003	
2.59200000e+001	6.87444650e+003	
2.59600000e+001	6.86557055e+003	
2.60000000e+001	6.85669460e+003	
2.60400000e+001	6.84781865e+003	
2.60800000e+001	6.83894270e+003	
2.61200000e+001	6.83021642e+003	
2.61600000e+001	6.82148555e+003	
2.62000000e+001	6.81275468e+003	
2.62400000e+001	6.80402653e+003	
2.62800000e+001	6.79537336e+003	
2.63200000e+001	6.78689658e+003	
2.63600000e+001	6.77846820e+003	
2.64000000e+001	6.76997546e+003	
2.64400000e+001	6.76148273e+003	
2.64800000e+001	6.75299000e+003	
2.65200000e+001	6.74466491e+003	
2.65600000e+001	6.73639199e+003	
2.66000000e+001	6.72811908e+003	
2.66400000e+001	6.71984617e+003	
2.66800000e+001	6.71157325e+003	
2.67200000e+001	6.70330034e+003	
2.67600000e+001	6.69501293e+003	
2.68000000e+001	6.68672236e+003	
2.68400000e+001	6.67868390e+003	
2.68800000e+001	6.67068135e+003	
2.69200000e+001	6.66267879e+003	
2.69600000e+001	6.65467557e+003	
2.70000000e+001	6.64662303e+003	
2.70400000e+001	6.63878520e+003	
2.70800000e+001	6.63087495e+003	
2.71200000e+001	6.62294868e+003	
2.71600000e+001	6.61502241e+003	
2.72000000e+001	6.60731585e+003	
2.72400000e+001	6.59963321e+003	
2.72800000e+001	6.59189681e+003	
2.73200000e+001	6.58415241e+003	
2.73600000e+001	6.57640802e+003	
2.74000000e+001	6.56866362e+003	
2.74400000e+001	6.56118787e+003	
2.74800000e+001	6.55374169e+003	
2.75200000e+001	6.54629551e+003	
2.75600000e+001	6.53884934e+003	
2.76000000e+001	6.53135727e+003	
2.76400000e+001	6.52386269e+003	
2.76800000e+001	6.51636812e+003	
2.77200000e+001	6.50913292e+003	
2.77600000e+001	6.50194800e+003	
2.78000000e+001	6.49476308e+003	
2.78400000e+001	6.48757816e+003	
2.78800000e+001	6.48039324e+003	
2.79200000e+001	6.47315865e+003	
2.79600000e+001	6.46592187e+003	
2.80000000e+001	6.45868508e+003	
2.80400000e+001	6.45166592e+003	
2.80800000e+001	6.44467737e+003	
2.81200000e+001	6.43771040e+003	
2.81600000e+001	6.43078074e+003	
2.82000000e+001	6.42385108e+003	
2.82400000e+001	6.41692142e+003	
2.82800000e+001	6.40999176e+003	
2.83200000e+001	6.40320046e+003	
2.83600000e+001	6.39642855e+003	
2.84000000e+001	6.38965664e+003	
2.84400000e+001	6.38289884e+003	
2.84800000e+001	6.37625130e+003	
2.85200000e+001	6.36960376e+003	
2.85600000e+001	6.36296886e+003	
2.86000000e+001	6.35641060e+003	
2.86400000e+001	6.34985234e+003	
2.86800000e+001	6.34329408e+003	
2.87200000e+001	6.33680185e+003	
2.87600000e+001	6.33035874e+003	
2.88000000e+001	6.32391563e+003	
2.88400000e+001	6.31754215e+003	
2.88800000e+001	6.31122803e+003	
2.89200000e+001	6.30491392e+003	
2.89600000e+001	6.29861227e+003	
2.90000000e+001	6.29237228e+003	
2.90400000e+001	6.28613230e+003	
2.90800000e+001	6.27992367e+003	
2.91200000e+001	6.27378566e+003	
2.91600000e+001	6.26764765e+003	
2.92000000e+001	6.26150964e+003	
2.92400000e+001	6.25537164e+003	
2.92800000e+001	6.24942028e+003	
2.93200000e+001	6.24351755e+003	
2.93600000e+001	6.23761481e+003	
2.94000000e+001	6.23171208e+003	
2.94400000e+001	6.22571948e+003	
2.94800000e+001	6.21985954e+003	
2.95200000e+001	6.21410957e+003	
2.95600000e+001	6.20829276e+003	
2.96000000e+001	6.20247594e+003	
2.96400000e+001	6.19665912e+003	
2.96800000e+001	6.19095845e+003	
2.97200000e+001	6.18539459e+003	
2.97600000e+001	6.17983074e+003	
2.98000000e+001	6.17426688e+003	
2.98400000e+001	6.16867314e+003	
2.98800000e+001	6.16301746e+003	
2.99200000e+001	6.15758028e+003	
2.99600000e+001	6.15214663e+003	
3.00000000e+001	6.14666514e+003	
3.00400000e+001	6.14118364e+003	
3.00800000e+001	6.13570215e+003	
3.01200000e+001	6.13033895e+003	
3.01600000e+001	6.12508388e+003	
3.02000000e+001	6.11982880e+003	
3.02400000e+001	6.11457373e+003	
3.02800000e+001	6.10930673e+003	
3.03200000e+001	6.10414661e+003	
3.03600000e+001	6.09897795e+003	
3.04000000e+001	6.09380929e+003	
3.04400000e+001	6.08864063e+003	
3.04800000e+001	6.08354165e+003	
3.05200000e+001	6.07857825e+003	
3.05600000e+001	6.07361485e+003	
3.06000000e+001	6.06865145e+003	
3.06400000e+001	6.06368805e+003	
3.06800000e+001	6.05872465e+003	
3.07200000e+001	6.05376126e+003	
3.07600000e+001	6.04877693e+003	
3.08000000e+001	6.04395240e+003	
3.08400000e+001	6.03918460e+003	
3.08800000e+001	6.03441151e+003	
3.09200000e+001	6.02963843e+003	
3.09600000e+001	6.02486534e+003	
3.10000000e+001	6.02009225e+003	
3.10400000e+001	6.01531917e+003	
3.10800000e+001	6.01071220e+003	
3.11200000e+001	6.00611607e+003	
3.11600000e+001	6.00154018e+003	
3.12000000e+001	5.99704490e+003	
3.12400000e+001	5.99254963e+003	
3.12800000e+001	5.98805435e+003	
3.13200000e+001	5.98355664e+003	
3.13600000e+001	5.97904309e+003	
3.14000000e+001	5.97460095e+003	
3.14400000e+001	5.97030531e+003	
3.14800000e+001	5.96600937e+003	
3.15200000e+001	5.96163271e+003	
3.15600000e+001	5.95725604e+003	
3.16000000e+001	5.95287938e+003	
3.16400000e+001	5.94858656e+003	
3.16800000e+001	5.94435785e+003	
3.17200000e+001	5.94015936e+003	
3.17600000e+001	5.93596930e+003	
3.18000000e+001	5.93182845e+003	
3.18400000e+001	5.92780208e+003	
3.18800000e+001	5.92377572e+003	
3.19200000e+001	5.91974936e+003	
3.19600000e+001	5.91567710e+003	
3.20000000e+001	5.91156425e+003	
3.20400000e+001	5.90753581e+003	
3.20800000e+001	5.90364915e+003	
3.21200000e+001	5.89976249e+003	
3.21600000e+001	5.89587584e+003	
3.22000000e+001	5.89197602e+003	
3.22400000e+001	5.88804676e+003	
3.22800000e+001	5.88430328e+003	
3.23200000e+001	5.88052820e+003	
3.23600000e+001	5.87673008e+003	
3.24000000e+001	5.87293196e+003	
3.24400000e+001	5.86918149e+003	
3.24800000e+001	5.86551754e+003	
3.25200000e+001	5.86184792e+003	
3.25600000e+001	5.85815786e+003	
3.26000000e+001	5.85446781e+003	
3.26400000e+001	5.85090835e+003	
3.26800000e+001	5.84738305e+003	
3.27200000e+001	5.84385775e+003	
3.27600000e+001	5.84032152e+003	
3.28000000e+001	5.83677134e+003	
3.28400000e+001	5.83340740e+003	
3.28800000e+001	5.83000659e+003	
3.29200000e+001	5.82658877e+003	
3.29600000e+001	5.82317096e+003	
3.30000000e+001	5.81975314e+003	
3.30400000e+001	5.81633532e+003	
3.30800000e+001	5.81292235e+003	
3.31200000e+001	5.80961004e+003	
3.31600000e+001	5.80639564e+003	
3.32000000e+001	5.80318124e+003	
3.32400000e+001	5.79996684e+003	
3.32800000e+001	5.79671619e+003	
3.33200000e+001	5.79346080e+003	
3.33600000e+001	5.79027457e+003	
3.34000000e+001	5.78721014e+003	
3.34400000e+001	5.78415636e+003	
3.34800000e+001	5.78110381e+003	
3.35200000e+001	5.77805125e+003	
3.35600000e+001	5.77499870e+003	
3.36000000e+001	5.77194614e+003	
3.36400000e+001	5.76889359e+003	
3.36800000e+001	5.76584103e+003	
3.37200000e+001	5.76290080e+003	
3.37600000e+001	5.76002089e+003	
3.38000000e+001	5.75713435e+003	
3.38400000e+001	5.75424781e+003	
3.38800000e+001	5.75136127e+003	
3.39200000e+001	5.74847473e+003	
3.39600000e+001	5.74562076e+003	
3.40000000e+001	5.74283730e+003	
3.40400000e+001	5.74005384e+003	
3.40800000e+001	5.73727037e+003	
3.41200000e+001	5.73457674e+003	
3.41600000e+001	5.73188480e+003	
3.42000000e+001	5.72919285e+003	
3.42400000e+001	5.72650945e+003	
3.42800000e+001	5.72387771e+003	
3.43200000e+001	5.72127406e+003	
3.43600000e+001	5.71875713e+003	
3.44000000e+001	5.71624020e+003	
3.44400000e+001	5.71369598e+003	
3.44800000e+001	5.71109241e+003	
3.45200000e+001	5.70866533e+003	
3.45600000e+001	5.70623825e+003	
3.46000000e+001	5.70378831e+003	
3.46400000e+001	5.70131421e+003	
3.46800000e+001	5.69884010e+003	
3.47200000e+001	5.69636600e+003	
3.47600000e+001	5.69404179e+003	
3.48000000e+001	5.69174476e+003	
3.48400000e+001	5.68944774e+003	
3.48800000e+001	5.68715071e+003	
3.49200000e+001	5.68485368e+003	
3.49600000e+001	5.68255665e+003	
3.50000000e+001	5.68025963e+003	
3.50400000e+001	5.67805557e+003	
3.50800000e+001	5.67585151e+003	
3.51200000e+001	5.67364745e+003	
3.51600000e+001	5.67144340e+003	
3.52000000e+001	5.66923934e+003	
3.52400000e+001	5.66703528e+003	
3.52800000e+001	5.66495116e+003	
3.53200000e+001	5.66290789e+003	
3.53600000e+001	5.66086462e+003	
3.54000000e+001	5.65881039e+003	
3.54400000e+001	5.65675424e+003	
3.54800000e+001	5.65469810e+003	
3.55200000e+001	5.65274812e+003	
3.55600000e+001	5.65079824e+003	
3.56000000e+001	5.64884836e+003	
3.56400000e+001	5.64689848e+003	
3.56800000e+001	5.64496655e+003	
3.57200000e+001	5.64308321e+003	
3.57600000e+001	5.64128287e+003	
3.58000000e+001	5.63943535e+003	
3.58400000e+001	5.63758160e+003	
3.58800000e+001	5.63572785e+003	
3.59200000e+001	5.63387410e+003	
3.59600000e+001	5.63202035e+003	
3.60000000e+001	5.63031660e+003	
3.60400000e+001	5.62861497e+003	
3.60800000e+001	5.62691335e+003	
3.61200000e+001	5.62523778e+003	
3.61600000e+001	5.62357075e+003	
3.62000000e+001	5.62190555e+003	
3.62400000e+001	5.62024182e+003	
3.62800000e+001	5.61857809e+003	
3.63200000e+001	5.61694402e+003	
3.63600000e+001	5.61537644e+003	
3.64000000e+001	5.61380886e+003	
3.64400000e+001	5.61224129e+003	
3.64800000e+001	5.61070595e+003	
3.65200000e+001	5.60917574e+003	
3.65600000e+001	5.60770852e+003	
3.66000000e+001	5.60630575e+003	
3.66400000e+001	5.60490298e+003	
3.66800000e+001	5.60349881e+003	
3.67200000e+001	5.60206821e+003	
3.67600000e+001	5.60063760e+003	
3.68000000e+001	5.59920700e+003	
3.68400000e+001	5.59785832e+003	
3.68800000e+001	5.59655184e+003	
3.69200000e+001	5.59522012e+003	
3.69600000e+001	5.59386141e+003	
3.70000000e+001	5.59250269e+003	
3.70400000e+001	5.59122350e+003	
3.70800000e+001	5.58998536e+003	
3.71200000e+001	5.58878154e+003	
3.71600000e+001	5.58759766e+003	
3.72000000e+001	5.58641378e+003	
3.72400000e+001	5.58522990e+003	
3.72800000e+001	5.58404602e+003	
3.73200000e+001	5.58288893e+003	
3.73600000e+001	5.58177611e+003	
3.74000000e+001	5.58068765e+003	
3.74400000e+001	5.57959919e+003	
3.74800000e+001	5.57851073e+003	
3.75200000e+001	5.57742227e+003	
3.75600000e+001	5.57638562e+003	
3.76000000e+001	5.57536459e+003	
3.76400000e+001	5.57434356e+003	
3.76800000e+001	5.57340310e+003	
3.77200000e+001	5.57246593e+003	
3.77600000e+001	5.57152876e+003	
3.78000000e+001	5.57059158e+003	
3.78400000e+001	5.56965441e+003	
3.78800000e+001	5.56872789e+003	
3.79200000e+001	5.56781133e+003	
3.79600000e+001	5.56692954e+003	
3.80000000e+001	5.56612643e+003	
3.80400000e+001	5.56532332e+003	
3.80800000e+001	5.56452022e+003	
3.81200000e+001	5.56369195e+003	
3.81600000e+001	5.56292777e+003	
3.82000000e+001	5.56218315e+003	
3.82400000e+001	5.56143853e+003	
3.82800000e+001	5.56069391e+003	
3.83200000e+001	5.55992748e+003	
3.83600000e+001	5.55927066e+003	
3.84000000e+001	5.55865128e+003	
3.84400000e+001	5.55802133e+003	
3.84800000e+001	5.55739139e+003	
3.85200000e+001	5.55676144e+003	
3.85600000e+001	5.55613150e+003	
3.86000000e+001	5.55550155e+003	
3.86400000e+001	5.55487160e+003	
3.86800000e+001	5.55433504e+003	
3.87200000e+001	5.55381969e+003	
3.87600000e+001	5.55328340e+003	
3.88000000e+001	5.55274711e+003	
3.88400000e+001	5.55221082e+003	
3.88800000e+001	5.55171275e+003	
3.89200000e+001	5.55131538e+003	
3.89600000e+001	5.55091800e+003	
3.90000000e+001	5.55052062e+003	
3.90400000e+001	5.55012325e+003	
3.90800000e+001	5.54969804e+003	
3.91200000e+001	5.54930895e+003	
3.91600000e+001	5.54895417e+003	
3.92000000e+001	5.54858724e+003	
3.92400000e+001	5.54822031e+003	
3.92800000e+001	5.54785337e+003	
3.93200000e+001	5.54757059e+003	
3.93600000e+001	5.54734151e+003	
3.94000000e+001	5.54711242e+003	
3.94400000e+001	5.54688333e+003	
3.94800000e+001	5.54663549e+003	
3.95200000e+001	5.54648226e+003	
3.95600000e+001	5.54630285e+003	
3.96000000e+001	5.54612345e+003	
3.96400000e+001	5.54594405e+003	
3.96800000e+001	5.54576464e+003	
3.97200000e+001	5.54558524e+003	
3.97600000e+001	5.54548487e+003	
3.98000000e+001	5.54544925e+003	
3.98400000e+001	5.54541364e+003	
3.98800000e+001	5.54537802e+003	
3.99200000e+001	5.54534241e+003	
3.99600000e+001	5.54530679e+003	
4.00000000e+001	5.54527117e+003	
