% Column 0: Length, mm
% Column 1: |B|, Tesla
0.00000000e+000	5.06303385e-008	
1.00000000e-001	5.08243338e-008	
2.00000000e-001	5.10183651e-008	
3.00000000e-001	5.12124317e-008	
4.00000000e-001	5.14065333e-008	
5.00000000e-001	5.16006696e-008	
6.00000000e-001	5.17948401e-008	
7.00000000e-001	5.19890444e-008	
8.00000000e-001	5.21832822e-008	
9.00000000e-001	5.23775531e-008	
1.00000000e+000	5.25718568e-008	
1.10000000e+000	5.27661928e-008	
1.20000000e+000	5.29605608e-008	
1.30000000e+000	5.31549604e-008	
1.40000000e+000	5.33493914e-008	
1.50000000e+000	5.35438534e-008	
1.60000000e+000	5.37383460e-008	
1.70000000e+000	5.39328689e-008	
1.80000000e+000	5.41766322e-008	
1.90000000e+000	5.44276073e-008	
2.00000000e+000	5.46831473e-008	
2.10000000e+000	5.49386921e-008	
2.20000000e+000	5.52238758e-008	
2.30000000e+000	5.55131316e-008	
2.40000000e+000	5.58023877e-008	
2.50000000e+000	5.60916441e-008	
2.60000000e+000	5.63809007e-008	
2.70000000e+000	5.66701576e-008	
2.80000000e+000	5.69594149e-008	
2.90000000e+000	5.72486723e-008	
3.00000000e+000	5.75379301e-008	
3.10000000e+000	5.78271881e-008	
3.20000000e+000	5.81132139e-008	
3.30000000e+000	5.83871854e-008	
3.40000000e+000	5.86612720e-008	
3.50000000e+000	5.89354721e-008	
3.60000000e+000	5.92097841e-008	
3.70000000e+000	5.94842066e-008	
3.80000000e+000	5.97587380e-008	
3.90000000e+000	6.00333767e-008	
4.00000000e+000	6.03162552e-008	
4.10000000e+000	6.06041140e-008	
4.20000000e+000	6.08919901e-008	
4.30000000e+000	6.11798834e-008	
4.40000000e+000	6.14677936e-008	
4.50000000e+000	6.17557204e-008	
4.60000000e+000	6.20436636e-008	
4.70000000e+000	6.23316230e-008	
4.80000000e+000	6.26195984e-008	
4.90000000e+000	6.29075896e-008	
5.00000000e+000	6.31955962e-008	
5.10000000e+000	6.34836182e-008	
5.20000000e+000	6.38240216e-008	
5.30000000e+000	6.41705180e-008	
5.40000000e+000	6.45170431e-008	
5.50000000e+000	6.48635963e-008	
5.60000000e+000	6.52101771e-008	
5.70000000e+000	6.55567853e-008	
5.80000000e+000	6.59034202e-008	
5.90000000e+000	6.62500816e-008	
6.00000000e+000	6.65967689e-008	
6.10000000e+000	6.69434818e-008	
6.20000000e+000	6.72902199e-008	
6.30000000e+000	6.76291355e-008	
6.40000000e+000	6.79565119e-008	
6.50000000e+000	6.82838958e-008	
6.60000000e+000	6.86112872e-008	
6.70000000e+000	6.90123159e-008	
6.80000000e+000	6.94161663e-008	
6.90000000e+000	6.98200276e-008	
7.00000000e+000	7.02238996e-008	
7.10000000e+000	7.06277821e-008	
7.20000000e+000	7.10191420e-008	
7.30000000e+000	7.14035717e-008	
7.40000000e+000	7.17880178e-008	
7.50000000e+000	7.21724800e-008	
7.60000000e+000	7.25569581e-008	
7.70000000e+000	7.29414519e-008	
7.80000000e+000	7.33259610e-008	
7.90000000e+000	7.37104853e-008	
8.00000000e+000	7.40950244e-008	
8.10000000e+000	7.44795783e-008	
8.20000000e+000	7.48914879e-008	
8.30000000e+000	7.53040222e-008	
8.40000000e+000	7.57166341e-008	
8.50000000e+000	7.61293223e-008	
8.60000000e+000	7.65342470e-008	
8.70000000e+000	7.69383338e-008	
8.80000000e+000	7.73424391e-008	
8.90000000e+000	7.77465627e-008	
9.00000000e+000	7.81507042e-008	
9.10000000e+000	7.85548635e-008	
9.20000000e+000	7.89590401e-008	
9.30000000e+000	7.93632339e-008	
9.40000000e+000	7.97674446e-008	
9.50000000e+000	8.01716719e-008	
9.60000000e+000	8.05759155e-008	
9.70000000e+000	8.09798455e-008	
9.80000000e+000	8.13835534e-008	
9.90000000e+000	8.17873394e-008	
1.00000000e+001	8.21912023e-008	
1.01000000e+001	8.26220433e-008	
1.02000000e+001	8.31212580e-008	
1.03000000e+001	8.36205018e-008	
1.04000000e+001	8.41197742e-008	
1.05000000e+001	8.46190747e-008	
1.06000000e+001	8.51184027e-008	
1.07000000e+001	8.56177579e-008	
1.08000000e+001	8.61171396e-008	
1.09000000e+001	8.66165475e-008	
1.10000000e+001	8.71159812e-008	
1.11000000e+001	8.76347605e-008	
1.12000000e+001	8.82104689e-008	
1.13000000e+001	8.87863922e-008	
1.14000000e+001	8.93625262e-008	
1.15000000e+001	8.99388669e-008	
1.16000000e+001	9.05154103e-008	
1.17000000e+001	9.10921525e-008	
1.18000000e+001	9.16690899e-008	
1.19000000e+001	9.21785031e-008	
1.20000000e+001	9.26653803e-008	
1.21000000e+001	9.31522580e-008	
1.22000000e+001	9.36391365e-008	
1.23000000e+001	9.41708732e-008	
1.24000000e+001	9.47168752e-008	
1.25000000e+001	9.52628910e-008	
1.26000000e+001	9.58089204e-008	
1.27000000e+001	9.63549632e-008	
1.28000000e+001	9.69010190e-008	
1.29000000e+001	9.74470878e-008	
1.30000000e+001	9.79931693e-008	
1.31000000e+001	9.85392632e-008	
1.32000000e+001	9.90853694e-008	
1.33000000e+001	9.96314877e-008	
1.34000000e+001	1.00177618e-007	
1.35000000e+001	1.00723760e-007	
1.36000000e+001	1.01269913e-007	
1.37000000e+001	1.01816078e-007	
1.38000000e+001	1.02460445e-007	
1.39000000e+001	1.03123586e-007	
1.40000000e+001	1.03787154e-007	
1.41000000e+001	1.04454092e-007	
1.42000000e+001	1.05121141e-007	
1.43000000e+001	1.05788299e-007	
1.44000000e+001	1.06455563e-007	
1.45000000e+001	1.07122932e-007	
1.46000000e+001	1.07790403e-007	
1.47000000e+001	1.08457974e-007	
1.48000000e+001	1.09136261e-007	
1.49000000e+001	1.09828445e-007	
1.50000000e+001	1.10520771e-007	
1.51000000e+001	1.11213237e-007	
1.52000000e+001	1.11905841e-007	
1.53000000e+001	1.12598578e-007	
1.54000000e+001	1.13288917e-007	
1.55000000e+001	1.13977829e-007	
1.56000000e+001	1.14673541e-007	
1.57000000e+001	1.15395012e-007	
1.58000000e+001	1.16116631e-007	
1.59000000e+001	1.16838395e-007	
1.60000000e+001	1.17560303e-007	
1.61000000e+001	1.18282351e-007	
1.62000000e+001	1.19004537e-007	
1.63000000e+001	1.19726859e-007	
1.64000000e+001	1.20449313e-007	
1.65000000e+001	1.21171898e-007	
1.66000000e+001	1.21894611e-007	
1.67000000e+001	1.22648182e-007	
1.68000000e+001	1.23468468e-007	
1.69000000e+001	1.24288839e-007	
1.70000000e+001	1.25109292e-007	
1.71000000e+001	1.25929825e-007	
1.72000000e+001	1.26750438e-007	
1.73000000e+001	1.27571128e-007	
1.74000000e+001	1.28391894e-007	
1.75000000e+001	1.29404778e-007	
1.76000000e+001	1.30791155e-007	
1.77000000e+001	1.32177850e-007	
1.78000000e+001	1.33564853e-007	
1.79000000e+001	1.34773231e-007	
1.80000000e+001	1.35694308e-007	
1.81000000e+001	1.36615619e-007	
1.82000000e+001	1.37537159e-007	
1.83000000e+001	1.38458924e-007	
1.84000000e+001	1.39380908e-007	
1.85000000e+001	1.40224330e-007	
1.86000000e+001	1.41042354e-007	
1.87000000e+001	1.41860381e-007	
1.88000000e+001	1.42678411e-007	
1.89000000e+001	1.43496444e-007	
1.90000000e+001	1.44314479e-007	
1.91000000e+001	1.45132517e-007	
1.92000000e+001	1.45950557e-007	
1.93000000e+001	1.46768600e-007	
1.94000000e+001	1.47586645e-007	
1.95000000e+001	1.48404692e-007	
1.96000000e+001	1.49222742e-007	
1.97000000e+001	1.49957683e-007	
1.98000000e+001	1.50640135e-007	
1.99000000e+001	1.51514274e-007	
2.00000000e+001	1.52875148e-007	
2.01000000e+001	1.54332790e-007	
2.02000000e+001	1.55790475e-007	
2.03000000e+001	1.57248201e-007	
2.04000000e+001	1.58705969e-007	
2.05000000e+001	1.60163775e-007	
2.06000000e+001	1.61621620e-007	
2.07000000e+001	1.63079503e-007	
2.08000000e+001	1.64537422e-007	
2.09000000e+001	1.65995376e-007	
2.10000000e+001	1.67453365e-007	
2.11000000e+001	1.68911387e-007	
2.12000000e+001	1.70226605e-007	
2.13000000e+001	1.71350138e-007	
2.14000000e+001	1.72473887e-007	
2.15000000e+001	1.73597847e-007	
2.16000000e+001	1.74722014e-007	
2.17000000e+001	1.75846385e-007	
2.18000000e+001	1.76970954e-007	
2.19000000e+001	1.78095719e-007	
2.20000000e+001	1.79220676e-007	
2.21000000e+001	1.80345821e-007	
2.22000000e+001	1.81471150e-007	
2.23000000e+001	1.82596661e-007	
2.24000000e+001	1.83722350e-007	
2.25000000e+001	1.84848213e-007	
2.26000000e+001	1.85974248e-007	
2.27000000e+001	1.87100452e-007	
2.28000000e+001	1.88226821e-007	
2.29000000e+001	1.89353352e-007	
2.30000000e+001	1.90480043e-007	
2.31000000e+001	1.91770127e-007	
2.32000000e+001	1.93170412e-007	
2.33000000e+001	1.94572706e-007	
2.34000000e+001	1.96070811e-007	
2.35000000e+001	1.97622891e-007	
2.36000000e+001	1.99175919e-007	
2.37000000e+001	2.00729873e-007	
2.38000000e+001	2.02284732e-007	
2.39000000e+001	2.03840475e-007	
2.40000000e+001	2.05397082e-007	
2.41000000e+001	2.07291117e-007	
2.42000000e+001	2.09248913e-007	
2.43000000e+001	2.11206989e-007	
2.44000000e+001	2.13165338e-007	
2.45000000e+001	2.15123952e-007	
2.46000000e+001	2.16973865e-007	
2.47000000e+001	2.18665577e-007	
2.48000000e+001	2.20359441e-007	
2.49000000e+001	2.22055409e-007	
2.50000000e+001	2.23878048e-007	
2.51000000e+001	2.25784618e-007	
2.52000000e+001	2.27691249e-007	
2.53000000e+001	2.29597939e-007	
2.54000000e+001	2.31444289e-007	
2.55000000e+001	2.33088377e-007	
2.56000000e+001	2.34732861e-007	
2.57000000e+001	2.36377733e-007	
2.58000000e+001	2.38022983e-007	
2.59000000e+001	2.39668606e-007	
2.60000000e+001	2.41314593e-007	
2.61000000e+001	2.42960937e-007	
2.62000000e+001	2.44607630e-007	
2.63000000e+001	2.46254665e-007	
2.64000000e+001	2.47902036e-007	
2.65000000e+001	2.49549737e-007	
2.66000000e+001	2.51197760e-007	
2.67000000e+001	2.52846099e-007	
2.68000000e+001	2.54494748e-007	
2.69000000e+001	2.56650249e-007	
2.70000000e+001	2.59021744e-007	
2.71000000e+001	2.61426934e-007	
2.72000000e+001	2.63832125e-007	
2.73000000e+001	2.66237317e-007	
2.74000000e+001	2.68642512e-007	
2.75000000e+001	2.71047708e-007	
2.76000000e+001	2.73452906e-007	
2.77000000e+001	2.75858106e-007	
2.78000000e+001	2.78263307e-007	
2.79000000e+001	2.80668510e-007	
2.80000000e+001	2.83073715e-007	
2.81000000e+001	2.85046522e-007	
2.82000000e+001	2.87019680e-007	
2.83000000e+001	2.88993190e-007	
2.84000000e+001	2.90967042e-007	
2.85000000e+001	2.93007493e-007	
2.86000000e+001	2.95354100e-007	
2.87000000e+001	2.97700927e-007	
2.88000000e+001	3.00299732e-007	
2.89000000e+001	3.02971534e-007	
2.90000000e+001	3.05639130e-007	
2.91000000e+001	3.08229262e-007	
2.92000000e+001	3.10825601e-007	
2.93000000e+001	3.13421958e-007	
2.94000000e+001	3.16041320e-007	
2.95000000e+001	3.18667853e-007	
2.96000000e+001	3.21417643e-007	
2.97000000e+001	3.24028396e-007	
2.98000000e+001	3.26517755e-007	
2.99000000e+001	3.28933086e-007	
3.00000000e+001	3.07179668e-001	
3.01000000e+001	3.07177654e-001	
3.02000000e+001	3.07212798e-001	
3.03000000e+001	3.07303302e-001	
3.04000000e+001	3.07467674e-001	
3.05000000e+001	3.07530605e-001	
3.06000000e+001	3.07714662e-001	
3.07000000e+001	3.07903081e-001	
3.08000000e+001	3.08125750e-001	
3.09000000e+001	3.08365206e-001	
3.10000000e+001	3.08619672e-001	
3.11000000e+001	3.08914601e-001	
3.12000000e+001	3.09213379e-001	
3.13000000e+001	3.09473091e-001	
3.14000000e+001	3.09730477e-001	
3.15000000e+001	3.10103697e-001	
3.16000000e+001	3.10584858e-001	
3.17000000e+001	3.11090106e-001	
3.18000000e+001	3.11597554e-001	
3.19000000e+001	3.12107192e-001	
3.20000000e+001	3.12619009e-001	
3.21000000e+001	3.13350551e-001	
3.22000000e+001	3.14084371e-001	
3.23000000e+001	3.14820455e-001	
3.24000000e+001	3.15558789e-001	
3.25000000e+001	3.16238949e-001	
3.26000000e+001	3.16904725e-001	
3.27000000e+001	3.17597297e-001	
3.28000000e+001	3.18291502e-001	
3.29000000e+001	3.18987330e-001	
3.30000000e+001	3.19636963e-001	
3.31000000e+001	3.20403444e-001	
3.32000000e+001	3.21380186e-001	
3.33000000e+001	3.22358281e-001	
3.34000000e+001	3.23346087e-001	
3.35000000e+001	3.24338394e-001	
3.36000000e+001	3.25260130e-001	
3.37000000e+001	3.26160529e-001	
3.38000000e+001	3.27211693e-001	
3.39000000e+001	3.28264042e-001	
3.40000000e+001	3.29317566e-001	
3.41000000e+001	3.30468654e-001	
3.42000000e+001	3.31697390e-001	
3.43000000e+001	3.32907477e-001	
3.44000000e+001	3.33961365e-001	
3.45000000e+001	3.35067065e-001	
3.46000000e+001	3.36248041e-001	
3.47000000e+001	3.37429547e-001	
3.48000000e+001	3.38637560e-001	
3.49000000e+001	3.39856918e-001	
3.50000000e+001	3.41138347e-001	
3.51000000e+001	3.42438896e-001	
3.52000000e+001	3.43739583e-001	
3.53000000e+001	3.44975683e-001	
3.54000000e+001	3.46151239e-001	
3.55000000e+001	3.47586705e-001	
3.56000000e+001	3.49022172e-001	
3.57000000e+001	3.50461242e-001	
3.58000000e+001	3.51901810e-001	
3.59000000e+001	3.53267463e-001	
3.60000000e+001	3.54560488e-001	
3.61000000e+001	3.55853670e-001	
3.62000000e+001	3.57147007e-001	
3.63000000e+001	3.58406659e-001	
3.64000000e+001	3.59608405e-001	
3.65000000e+001	3.60810179e-001	
3.66000000e+001	3.62011979e-001	
3.67000000e+001	3.63424500e-001	
3.68000000e+001	3.64844035e-001	
3.69000000e+001	3.66222589e-001	
3.70000000e+001	3.67591715e-001	
3.71000000e+001	3.68993366e-001	
3.72000000e+001	3.70413908e-001	
3.73000000e+001	3.71695301e-001	
3.74000000e+001	3.72771779e-001	
3.75000000e+001	3.74043228e-001	
3.76000000e+001	3.75496998e-001	
3.77000000e+001	3.75873245e-001	
3.78000000e+001	3.75804436e-001	
3.79000000e+001	3.76136882e-001	
3.80000000e+001	8.42869929e-001	
3.81000000e+001	8.42745871e-001	
3.82000000e+001	8.42623228e-001	
3.83000000e+001	8.42501999e-001	
3.84000000e+001	8.42382186e-001	
3.85000000e+001	8.42263789e-001	
3.86000000e+001	8.41972153e-001	
3.87000000e+001	8.41633646e-001	
3.88000000e+001	8.41296603e-001	
3.89000000e+001	8.40961027e-001	
3.90000000e+001	8.39855128e-001	
3.91000000e+001	8.38675260e-001	
3.92000000e+001	8.37496300e-001	
3.93000000e+001	8.36318252e-001	
3.94000000e+001	8.35138524e-001	
3.95000000e+001	8.33960936e-001	
3.96000000e+001	8.33149049e-001	
3.97000000e+001	8.32743037e-001	
3.98000000e+001	8.32339112e-001	
3.99000000e+001	8.31694768e-001	
4.00000000e+001	8.30916063e-001	
4.01000000e+001	8.30140625e-001	
4.02000000e+001	8.29368463e-001	
4.03000000e+001	8.28575241e-001	
4.04000000e+001	8.28260702e-001	
4.05000000e+001	8.27921042e-001	
4.06000000e+001	8.27584002e-001	
4.07000000e+001	8.27249586e-001	
4.08000000e+001	8.26917795e-001	
4.09000000e+001	8.26588634e-001	
4.10000000e+001	8.26262106e-001	
4.11000000e+001	8.25938213e-001	
4.12000000e+001	8.25616959e-001	
4.13000000e+001	8.25298347e-001	
4.14000000e+001	8.24982380e-001	
4.15000000e+001	8.24918310e-001	
4.16000000e+001	8.24892351e-001	
4.17000000e+001	8.24873726e-001	
4.18000000e+001	8.25636514e-001	
4.19000000e+001	8.26527132e-001	
4.20000000e+001	8.27421548e-001	
4.21000000e+001	8.28319749e-001	
4.22000000e+001	8.29093026e-001	
4.23000000e+001	8.29684679e-001	
4.24000000e+001	8.30386581e-001	
4.25000000e+001	8.31135141e-001	
4.26000000e+001	8.31887639e-001	
4.27000000e+001	8.32644066e-001	
4.28000000e+001	8.33404411e-001	
4.29000000e+001	8.34168662e-001	
4.30000000e+001	8.34936809e-001	
4.31000000e+001	8.35708842e-001	
4.32000000e+001	8.36484749e-001	
4.33000000e+001	8.37290056e-001	
4.34000000e+001	8.38172385e-001	
4.35000000e+001	8.39617092e-001	
4.36000000e+001	8.41243059e-001	
4.37000000e+001	8.42971210e-001	
4.38000000e+001	8.44881394e-001	
4.39000000e+001	8.46794869e-001	
4.40000000e+001	8.48711614e-001	
4.41000000e+001	8.50631608e-001	
4.42000000e+001	8.52554827e-001	
4.43000000e+001	8.54481250e-001	
4.44000000e+001	8.56410856e-001	
4.45000000e+001	8.58343623e-001	
4.46000000e+001	8.60305291e-001	
4.47000000e+001	8.62286343e-001	
4.48000000e+001	8.64268650e-001	
4.49000000e+001	8.66252202e-001	
4.50000000e+001	8.68236993e-001	
4.51000000e+001	8.70223012e-001	
4.52000000e+001	8.72239258e-001	
4.53000000e+001	8.74076147e-001	
4.54000000e+001	8.74938958e-001	
4.55000000e+001	8.75802865e-001	
4.56000000e+001	8.76709864e-001	
4.57000000e+001	8.77622915e-001	
4.58000000e+001	8.78536832e-001	
4.59000000e+001	8.79451612e-001	
4.60000000e+001	3.48814129e-001	
4.61000000e+001	3.48208623e-001	
4.62000000e+001	3.47604253e-001	
4.63000000e+001	3.47001027e-001	
4.64000000e+001	3.46134486e-001	
4.65000000e+001	3.44388702e-001	
4.66000000e+001	3.42648012e-001	
4.67000000e+001	3.40912496e-001	
4.68000000e+001	3.39011212e-001	
4.69000000e+001	3.36472809e-001	
4.70000000e+001	3.34546301e-001	
4.71000000e+001	3.32623819e-001	
4.72000000e+001	3.30625513e-001	
4.73000000e+001	3.28621539e-001	
4.74000000e+001	3.26419579e-001	
4.75000000e+001	3.24169217e-001	
4.76000000e+001	3.21922146e-001	
4.77000000e+001	3.19652348e-001	
4.78000000e+001	3.17204367e-001	
4.79000000e+001	3.14976711e-001	
4.80000000e+001	3.12750751e-001	
4.81000000e+001	3.10526523e-001	
4.82000000e+001	3.08294362e-001	
4.83000000e+001	3.05806824e-001	
4.84000000e+001	3.03320558e-001	
4.85000000e+001	3.01205516e-001	
4.86000000e+001	2.99578086e-001	
4.87000000e+001	2.97952003e-001	
4.88000000e+001	2.96327289e-001	
4.89000000e+001	2.94703966e-001	
4.90000000e+001	2.92670657e-001	
4.91000000e+001	2.90341143e-001	
4.92000000e+001	2.88359793e-001	
4.93000000e+001	2.86208364e-001	
4.94000000e+001	2.83832075e-001	
4.95000000e+001	2.81456306e-001	
4.96000000e+001	2.79055339e-001	
4.97000000e+001	2.76622322e-001	
4.98000000e+001	2.74190013e-001	
4.99000000e+001	2.71780747e-001	
5.00000000e+001	2.69400802e-001	
5.01000000e+001	2.67711207e-001	
5.02000000e+001	2.66021649e-001	
5.03000000e+001	2.64332130e-001	
5.04000000e+001	2.62642650e-001	
5.05000000e+001	2.60789085e-001	
5.06000000e+001	2.58616178e-001	
5.07000000e+001	2.56443889e-001	
5.08000000e+001	2.54272138e-001	
5.09000000e+001	2.51970217e-001	
5.10000000e+001	2.49682602e-001	
5.11000000e+001	2.47802943e-001	
5.12000000e+001	2.45923542e-001	
5.13000000e+001	2.44044405e-001	
5.14000000e+001	2.42399617e-001	
5.15000000e+001	2.40834758e-001	
5.16000000e+001	2.39270615e-001	
5.17000000e+001	2.37595096e-001	
5.18000000e+001	2.35895863e-001	
5.19000000e+001	2.34197062e-001	
5.20000000e+001	2.32498701e-001	
5.21000000e+001	2.30763385e-001	
5.22000000e+001	2.28970081e-001	
5.23000000e+001	2.27168377e-001	
5.24000000e+001	2.25364481e-001	
5.25000000e+001	2.23542211e-001	
5.26000000e+001	2.21720000e-001	
5.27000000e+001	2.19839327e-001	
5.28000000e+001	2.18098296e-001	
5.29000000e+001	2.16371161e-001	
5.30000000e+001	2.14644125e-001	
5.31000000e+001	2.12917191e-001	
5.32000000e+001	2.11190360e-001	
5.33000000e+001	2.09563672e-001	
5.34000000e+001	2.07957037e-001	
5.35000000e+001	2.06350480e-001	
5.36000000e+001	2.04817896e-001	
5.37000000e+001	2.03429328e-001	
5.38000000e+001	2.02082950e-001	
5.39000000e+001	2.00736575e-001	
5.40000000e+001	1.99390204e-001	
5.41000000e+001	1.97986224e-001	
5.42000000e+001	1.96582412e-001	
5.43000000e+001	1.95179735e-001	
5.44000000e+001	1.93777531e-001	
5.45000000e+001	1.92435354e-001	
5.46000000e+001	1.91098086e-001	
5.47000000e+001	1.89759996e-001	
5.48000000e+001	1.88415848e-001	
5.49000000e+001	1.87022357e-001	
5.50000000e+001	1.85628905e-001	
5.51000000e+001	1.84235492e-001	
5.52000000e+001	1.82842119e-001	
5.53000000e+001	1.81438386e-001	
5.54000000e+001	1.80067316e-001	
5.55000000e+001	1.78897421e-001	
5.56000000e+001	1.77682145e-001	
5.57000000e+001	1.76466901e-001	
5.58000000e+001	1.75251690e-001	
5.59000000e+001	1.74036513e-001	
5.60000000e+001	1.72821370e-001	
5.61000000e+001	1.71606264e-001	
5.62000000e+001	1.70391193e-001	
5.63000000e+001	1.69176159e-001	
5.64000000e+001	1.67961163e-001	
5.65000000e+001	1.66691338e-001	
5.66000000e+001	1.65368216e-001	
5.67000000e+001	1.64045131e-001	
5.68000000e+001	1.62898054e-001	
5.69000000e+001	1.61840189e-001	
5.70000000e+001	1.60782881e-001	
5.71000000e+001	1.59726140e-001	
5.72000000e+001	1.58669978e-001	
5.73000000e+001	1.57614406e-001	
5.74000000e+001	1.56628674e-001	
5.75000000e+001	1.55661532e-001	
5.76000000e+001	1.54695202e-001	
5.77000000e+001	1.53729701e-001	
5.78000000e+001	1.52765045e-001	
5.79000000e+001	1.51801249e-001	
5.80000000e+001	1.50838330e-001	
5.81000000e+001	1.49844949e-001	
5.82000000e+001	1.48795640e-001	
5.83000000e+001	1.47746464e-001	
5.84000000e+001	1.46697422e-001	
5.85000000e+001	1.45648517e-001	
5.86000000e+001	1.44599753e-001	
5.87000000e+001	1.43551132e-001	
5.88000000e+001	1.42696115e-001	
5.89000000e+001	1.41936670e-001	
5.90000000e+001	1.41178411e-001	
5.91000000e+001	1.40421356e-001	
5.92000000e+001	1.39665525e-001	
5.93000000e+001	1.38910939e-001	
5.94000000e+001	1.38151026e-001	
5.95000000e+001	1.37303280e-001	
5.96000000e+001	1.36455973e-001	
5.97000000e+001	1.35609112e-001	
5.98000000e+001	1.34793934e-001	
5.99000000e+001	1.33984724e-001	
6.00000000e+001	1.33175752e-001	
6.01000000e+001	1.32367024e-001	
6.02000000e+001	1.31558545e-001	
6.03000000e+001	1.30750318e-001	
6.04000000e+001	1.29942348e-001	
6.05000000e+001	1.29127416e-001	
6.06000000e+001	1.28376680e-001	
6.07000000e+001	1.27726316e-001	
6.08000000e+001	1.27076448e-001	
6.09000000e+001	1.26427082e-001	
6.10000000e+001	1.25778227e-001	
6.11000000e+001	1.25129890e-001	
6.12000000e+001	1.24482079e-001	
6.13000000e+001	1.23834803e-001	
6.14000000e+001	1.23189131e-001	
6.15000000e+001	1.22545946e-001	
6.16000000e+001	1.21900020e-001	
6.17000000e+001	1.21248182e-001	
6.18000000e+001	1.20596514e-001	
6.19000000e+001	1.19945019e-001	
6.20000000e+001	1.19293700e-001	
6.21000000e+001	1.18711210e-001	
6.22000000e+001	1.18129300e-001	
6.23000000e+001	1.17547976e-001	
6.24000000e+001	1.16916207e-001	
6.25000000e+001	1.16326733e-001	
6.26000000e+001	1.15758611e-001	
6.27000000e+001	1.15190872e-001	
6.28000000e+001	1.14623941e-001	
6.29000000e+001	1.14081035e-001	
6.30000000e+001	1.13591553e-001	
6.31000000e+001	1.13102978e-001	
6.32000000e+001	1.12615632e-001	
6.33000000e+001	1.12131786e-001	
6.34000000e+001	1.11648822e-001	
6.35000000e+001	1.11148350e-001	
6.36000000e+001	1.10643564e-001	
6.37000000e+001	1.10139452e-001	
6.38000000e+001	1.09625833e-001	
6.39000000e+001	1.09150118e-001	
6.40000000e+001	1.08745416e-001	
6.41000000e+001	1.08341341e-001	
6.42000000e+001	1.07937903e-001	
6.43000000e+001	1.07576161e-001	
6.44000000e+001	1.07235288e-001	
6.45000000e+001	1.06885012e-001	
6.46000000e+001	1.06452536e-001	
6.47000000e+001	1.06020883e-001	
6.48000000e+001	1.05590062e-001	
6.49000000e+001	1.05227467e-001	
6.50000000e+001	1.04919388e-001	
6.51000000e+001	1.04612198e-001	
6.52000000e+001	1.04298465e-001	
6.53000000e+001	1.03884621e-001	
6.54000000e+001	1.03482609e-001	
6.55000000e+001	1.03169345e-001	
6.56000000e+001	1.02857009e-001	
6.57000000e+001	1.02545611e-001	
6.58000000e+001	1.02235160e-001	
6.59000000e+001	1.01925664e-001	
6.60000000e+001	1.01609876e-001	
6.61000000e+001	1.01294786e-001	
6.62000000e+001	1.00980869e-001	
6.63000000e+001	1.00668135e-001	
6.64000000e+001	1.00445406e-001	
6.65000000e+001	1.00296625e-001	
6.66000000e+001	1.00148923e-001	
6.67000000e+001	1.00002305e-001	
6.68000000e+001	9.97930647e-002	
6.69000000e+001	9.95645522e-002	
6.70000000e+001	9.92855087e-002	
6.71000000e+001	9.89451209e-002	
6.72000000e+001	9.86057448e-002	
6.73000000e+001	9.82673906e-002	
6.74000000e+001	9.80382359e-002	
6.75000000e+001	9.79048416e-002	
6.76000000e+001	9.77801826e-002	
6.77000000e+001	9.76563314e-002	
6.78000000e+001	9.75332909e-002	
6.79000000e+001	9.74108654e-002	
6.80000000e+001	9.72848114e-002	
6.81000000e+001	9.71559174e-002	
6.82000000e+001	9.70267182e-002	
6.83000000e+001	9.68986482e-002	
6.84000000e+001	9.67717120e-002	
6.85000000e+001	9.66494054e-002	
6.86000000e+001	9.65351715e-002	
6.87000000e+001	9.64026238e-002	
6.88000000e+001	9.62967517e-002	
6.89000000e+001	9.62264790e-002	
6.90000000e+001	9.61677118e-002	
6.91000000e+001	9.61458321e-002	
6.92000000e+001	9.61254516e-002	
6.93000000e+001	9.60780198e-002	
6.94000000e+001	9.60330268e-002	
6.95000000e+001	9.59847986e-002	
6.96000000e+001	9.59272538e-002	
6.97000000e+001	9.59024676e-002	
6.98000000e+001	9.58929693e-002	
6.99000000e+001	9.59004091e-002	
7.00000000e+001	1.01939756e-007	
7.01000000e+001	1.01349473e-007	
7.02000000e+001	1.00616005e-007	
7.03000000e+001	9.98728274e-008	
7.04000000e+001	9.91925805e-008	
7.05000000e+001	9.84232036e-008	
7.06000000e+001	9.77642195e-008	
7.07000000e+001	9.71593596e-008	
7.08000000e+001	9.65358817e-008	
7.09000000e+001	9.58806374e-008	
7.10000000e+001	9.52255308e-008	
7.11000000e+001	9.45716781e-008	
7.12000000e+001	9.39359125e-008	
7.13000000e+001	9.33001042e-008	
7.14000000e+001	9.26642987e-008	
7.15000000e+001	9.20074448e-008	
7.16000000e+001	9.12422429e-008	
7.17000000e+001	9.06154522e-008	
7.18000000e+001	8.99887386e-008	
7.19000000e+001	8.93621036e-008	
7.20000000e+001	8.87355489e-008	
7.21000000e+001	8.81067739e-008	
7.22000000e+001	8.75621603e-008	
7.23000000e+001	8.70676653e-008	
7.24000000e+001	8.65732404e-008	
7.25000000e+001	8.60788871e-008	
7.26000000e+001	8.55846064e-008	
7.27000000e+001	8.50903996e-008	
7.28000000e+001	8.45962681e-008	
7.29000000e+001	8.41022131e-008	
7.30000000e+001	8.36082361e-008	
7.31000000e+001	8.31143384e-008	
7.32000000e+001	8.26055784e-008	
7.33000000e+001	8.20123288e-008	
7.34000000e+001	8.14193500e-008	
7.35000000e+001	8.08264178e-008	
7.36000000e+001	8.02335332e-008	
7.37000000e+001	7.96406974e-008	
7.38000000e+001	7.90479113e-008	
7.39000000e+001	7.84551761e-008	
7.40000000e+001	7.78624930e-008	
7.41000000e+001	7.72698633e-008	
7.42000000e+001	7.66772880e-008	
7.43000000e+001	7.61406945e-008	
7.44000000e+001	7.57080215e-008	
7.45000000e+001	7.52744942e-008	
7.46000000e+001	7.48379984e-008	
7.47000000e+001	7.44015178e-008	
7.48000000e+001	7.39650529e-008	
7.49000000e+001	7.35286038e-008	
7.50000000e+001	7.30921708e-008	
7.51000000e+001	7.26557543e-008	
7.52000000e+001	7.22193545e-008	
7.53000000e+001	7.17829717e-008	
7.54000000e+001	7.13466064e-008	
7.55000000e+001	7.09102586e-008	
7.56000000e+001	7.04913233e-008	
7.57000000e+001	7.01101600e-008	
7.58000000e+001	6.97313805e-008	
7.59000000e+001	6.93525959e-008	
7.60000000e+001	6.89703440e-008	
7.61000000e+001	6.85882792e-008	
7.62000000e+001	6.82064047e-008	
7.63000000e+001	6.78247237e-008	
7.64000000e+001	6.74432395e-008	
7.65000000e+001	6.70619554e-008	
7.66000000e+001	6.66808749e-008	
7.67000000e+001	6.63000015e-008	
7.68000000e+001	6.59193387e-008	
7.69000000e+001	6.55388903e-008	
7.70000000e+001	6.51272422e-008	
7.71000000e+001	6.47034934e-008	
7.72000000e+001	6.42891771e-008	
7.73000000e+001	6.39061456e-008	
7.74000000e+001	6.35231182e-008	
7.75000000e+001	6.31400948e-008	
7.76000000e+001	6.27570755e-008	
7.77000000e+001	6.23740604e-008	
7.78000000e+001	6.19910495e-008	
7.79000000e+001	6.16080431e-008	
7.80000000e+001	6.12250410e-008	
7.81000000e+001	6.08420435e-008	
7.82000000e+001	6.04590506e-008	
7.83000000e+001	6.00760624e-008	
7.84000000e+001	5.96930790e-008	
7.85000000e+001	5.93101004e-008	
7.86000000e+001	5.90212532e-008	
7.87000000e+001	5.87617917e-008	
7.88000000e+001	5.85023746e-008	
7.89000000e+001	5.82430025e-008	
7.90000000e+001	5.79836760e-008	
7.91000000e+001	5.77243957e-008	
7.92000000e+001	5.74651622e-008	
7.93000000e+001	5.72059762e-008	
7.94000000e+001	5.69468383e-008	
7.95000000e+001	5.66877492e-008	
7.96000000e+001	5.64287095e-008	
7.97000000e+001	5.61697200e-008	
7.98000000e+001	5.59107813e-008	
7.99000000e+001	5.56518941e-008	
8.00000000e+001	5.53930592e-008	
8.01000000e+001	5.51342773e-008	
8.02000000e+001	5.48557407e-008	
8.03000000e+001	5.45649623e-008	
8.04000000e+001	5.42743239e-008	
8.05000000e+001	5.39548479e-008	
8.06000000e+001	5.36166811e-008	
8.07000000e+001	5.32785679e-008	
8.08000000e+001	5.29405094e-008	
8.09000000e+001	5.25518076e-008	
8.10000000e+001	5.21431080e-008	
8.11000000e+001	5.17344631e-008	
8.12000000e+001	5.13258742e-008	
8.13000000e+001	5.09173427e-008	
8.14000000e+001	5.07025112e-008	
8.15000000e+001	5.04905047e-008	
8.16000000e+001	5.02785332e-008	
8.17000000e+001	5.00665972e-008	
8.18000000e+001	4.98546972e-008	
8.19000000e+001	4.96428337e-008	
8.20000000e+001	4.94310070e-008	
8.21000000e+001	4.92192177e-008	
8.22000000e+001	4.90074663e-008	
8.23000000e+001	4.87957532e-008	
8.24000000e+001	4.85840789e-008	
8.25000000e+001	4.83859103e-008	
8.26000000e+001	4.81945722e-008	
8.27000000e+001	4.79833229e-008	
8.28000000e+001	4.77598132e-008	
8.29000000e+001	4.75363205e-008	
8.30000000e+001	4.73128452e-008	
8.31000000e+001	4.70893875e-008	
8.32000000e+001	4.68659476e-008	
8.33000000e+001	4.66425258e-008	
8.34000000e+001	4.64191224e-008	
8.35000000e+001	4.61957376e-008	
8.36000000e+001	4.59723716e-008	
8.37000000e+001	4.57490249e-008	
8.38000000e+001	4.55256976e-008	
8.39000000e+001	4.53023900e-008	
8.40000000e+001	4.50791025e-008	
8.41000000e+001	4.48558353e-008	
8.42000000e+001	4.46283932e-008	
8.43000000e+001	4.44260568e-008	
8.44000000e+001	4.42156621e-008	
8.45000000e+001	4.40052729e-008	
8.46000000e+001	4.37948894e-008	
8.47000000e+001	4.35845116e-008	
8.48000000e+001	4.33741397e-008	
8.49000000e+001	4.31637736e-008	
8.50000000e+001	4.29534135e-008	
8.51000000e+001	4.27430594e-008	
8.52000000e+001	4.25327115e-008	
8.53000000e+001	4.23223699e-008	
8.54000000e+001	4.21120346e-008	
8.55000000e+001	4.19017058e-008	
8.56000000e+001	4.16913835e-008	
8.57000000e+001	4.15057091e-008	
8.58000000e+001	4.13466121e-008	
8.59000000e+001	4.11875172e-008	
8.60000000e+001	4.10284244e-008	
8.61000000e+001	4.08693337e-008	
8.62000000e+001	4.07102451e-008	
8.63000000e+001	4.05511586e-008	
8.64000000e+001	4.03920743e-008	
8.65000000e+001	4.02329923e-008	
8.66000000e+001	4.00727284e-008	
8.67000000e+001	3.98928144e-008	
8.68000000e+001	3.97129112e-008	
8.69000000e+001	3.95330190e-008	
8.70000000e+001	3.93531379e-008	
8.71000000e+001	3.91744524e-008	
8.72000000e+001	3.90102470e-008	
8.73000000e+001	3.88460640e-008	
8.74000000e+001	3.86819036e-008	
8.75000000e+001	3.85177662e-008	
8.76000000e+001	3.83536520e-008	
8.77000000e+001	3.81890545e-008	
8.78000000e+001	3.80244797e-008	
8.79000000e+001	3.78599300e-008	
8.80000000e+001	3.76954057e-008	
8.81000000e+001	3.75309071e-008	
8.82000000e+001	3.73664345e-008	
8.83000000e+001	3.72019882e-008	
8.84000000e+001	3.70375688e-008	
8.85000000e+001	3.68731764e-008	
8.86000000e+001	3.67088115e-008	
8.87000000e+001	3.65444744e-008	
8.88000000e+001	3.63801655e-008	
8.89000000e+001	3.62415165e-008	
8.90000000e+001	3.61035523e-008	
8.91000000e+001	3.59656102e-008	
8.92000000e+001	3.58276905e-008	
8.93000000e+001	3.56897933e-008	
8.94000000e+001	3.55519191e-008	
8.95000000e+001	3.54140680e-008	
8.96000000e+001	3.52762404e-008	
8.97000000e+001	3.51384364e-008	
8.98000000e+001	3.50006564e-008	
8.99000000e+001	3.48629007e-008	
9.00000000e+001	3.47251695e-008	
9.01000000e+001	3.45874631e-008	
9.02000000e+001	3.44497819e-008	
9.03000000e+001	3.43121262e-008	
9.04000000e+001	3.41744962e-008	
9.05000000e+001	3.40387637e-008	
9.06000000e+001	3.39213125e-008	
9.07000000e+001	3.38038648e-008	
9.08000000e+001	3.36864205e-008	
9.09000000e+001	3.35689797e-008	
9.10000000e+001	3.34515424e-008	
9.11000000e+001	3.33341087e-008	
9.12000000e+001	3.32166785e-008	
9.13000000e+001	3.30992520e-008	
9.14000000e+001	3.29818291e-008	
9.15000000e+001	3.28644099e-008	
9.16000000e+001	3.27469945e-008	
9.17000000e+001	3.26295828e-008	
9.18000000e+001	3.25121750e-008	
9.19000000e+001	3.23947710e-008	
9.20000000e+001	3.22773710e-008	
9.21000000e+001	3.21599749e-008	
9.22000000e+001	3.20340580e-008	
9.23000000e+001	3.19073450e-008	
9.24000000e+001	3.17806335e-008	
9.25000000e+001	3.16539237e-008	
9.26000000e+001	3.15272156e-008	
9.27000000e+001	3.14005746e-008	
9.28000000e+001	3.12740528e-008	
9.29000000e+001	3.11475441e-008	
9.30000000e+001	3.10210487e-008	
9.31000000e+001	3.08945669e-008	
9.32000000e+001	3.07680987e-008	
9.33000000e+001	3.06416444e-008	
9.34000000e+001	3.05267729e-008	
9.35000000e+001	3.04264394e-008	
9.36000000e+001	3.03261064e-008	
9.37000000e+001	3.02257739e-008	
9.38000000e+001	3.01254419e-008	
9.39000000e+001	3.00251105e-008	
9.40000000e+001	2.99247795e-008	
9.41000000e+001	2.98244491e-008	
9.42000000e+001	2.97074704e-008	
9.43000000e+001	2.95981594e-008	
9.44000000e+001	2.95039933e-008	
9.45000000e+001	2.94097799e-008	
9.46000000e+001	2.93085380e-008	
9.47000000e+001	2.92073454e-008	
9.48000000e+001	2.91062028e-008	
9.49000000e+001	2.90051105e-008	
9.50000000e+001	2.89040692e-008	
9.51000000e+001	2.88030793e-008	
9.52000000e+001	2.87021415e-008	
9.53000000e+001	2.86012562e-008	
9.54000000e+001	2.84922096e-008	
9.55000000e+001	2.83735250e-008	
9.56000000e+001	2.82548404e-008	
9.57000000e+001	2.81361558e-008	
9.58000000e+001	2.80294102e-008	
9.59000000e+001	2.79301395e-008	
9.60000000e+001	2.78308695e-008	
9.61000000e+001	2.77316002e-008	
9.62000000e+001	2.76323316e-008	
9.63000000e+001	2.75330637e-008	
9.64000000e+001	2.74337964e-008	
9.65000000e+001	2.73345299e-008	
9.66000000e+001	2.72348877e-008	
9.67000000e+001	2.71351708e-008	
9.68000000e+001	2.70354543e-008	
9.69000000e+001	2.69357384e-008	
9.70000000e+001	2.68360230e-008	
9.71000000e+001	2.67445614e-008	
9.72000000e+001	2.66608172e-008	
9.73000000e+001	2.65770730e-008	
9.74000000e+001	2.64933289e-008	
9.75000000e+001	2.64095848e-008	
9.76000000e+001	2.63258407e-008	
9.77000000e+001	2.62420966e-008	
9.78000000e+001	2.61572536e-008	
9.79000000e+001	2.60722533e-008	
9.80000000e+001	2.59872531e-008	
9.81000000e+001	2.59022529e-008	
9.82000000e+001	2.58172529e-008	
9.83000000e+001	2.57322529e-008	
9.84000000e+001	2.56484584e-008	
9.85000000e+001	2.55753393e-008	
9.86000000e+001	2.55022292e-008	
9.87000000e+001	2.54291283e-008	
9.88000000e+001	2.53560368e-008	
9.89000000e+001	2.52829545e-008	
9.90000000e+001	2.52098817e-008	
9.91000000e+001	2.51368184e-008	
9.92000000e+001	2.50637647e-008	
9.93000000e+001	2.49907207e-008	
9.94000000e+001	2.49176865e-008	
9.95000000e+001	2.48446622e-008	
9.96000000e+001	2.47716477e-008	
9.97000000e+001	2.46986433e-008	
9.98000000e+001	2.46256491e-008	
9.99000000e+001	2.45526650e-008	
1.00000000e+002	2.44796911e-008	
