% Column 0: Length, mm
% Column 1: Potential, Wb/m
0.00000000e+000	1.89286323e-003	
1.00000000e-001	1.89714553e-003	
2.00000000e-001	1.90142783e-003	
3.00000000e-001	1.90571013e-003	
4.00000000e-001	1.90999243e-003	
5.00000000e-001	1.91427473e-003	
6.00000000e-001	1.91855704e-003	
7.00000000e-001	1.92283934e-003	
8.00000000e-001	1.92712164e-003	
9.00000000e-001	1.93140394e-003	
1.00000000e+000	1.93568624e-003	
1.10000000e+000	1.93996854e-003	
1.20000000e+000	1.94425085e-003	
1.30000000e+000	1.94853315e-003	
1.40000000e+000	1.95281545e-003	
1.50000000e+000	1.95709775e-003	
1.60000000e+000	1.96138005e-003	
1.70000000e+000	1.96566235e-003	
1.80000000e+000	1.96989729e-003	
1.90000000e+000	1.97416173e-003	
2.00000000e+000	1.97865073e-003	
2.10000000e+000	1.98313973e-003	
2.20000000e+000	1.98768546e-003	
2.30000000e+000	1.99223899e-003	
2.40000000e+000	1.99679252e-003	
2.50000000e+000	2.00134604e-003	
2.60000000e+000	2.00589957e-003	
2.70000000e+000	2.01045310e-003	
2.80000000e+000	2.01500662e-003	
2.90000000e+000	2.01956015e-003	
3.00000000e+000	2.02411368e-003	
3.10000000e+000	2.02866721e-003	
3.20000000e+000	2.03326326e-003	
3.30000000e+000	2.03801884e-003	
3.40000000e+000	2.04277443e-003	
3.50000000e+000	2.04753001e-003	
3.60000000e+000	2.05228559e-003	
3.70000000e+000	2.05704117e-003	
3.80000000e+000	2.06179676e-003	
3.90000000e+000	2.06655234e-003	
4.00000000e+000	2.07135921e-003	
4.10000000e+000	2.07619728e-003	
4.20000000e+000	2.08103534e-003	
4.30000000e+000	2.08587340e-003	
4.40000000e+000	2.09071147e-003	
4.50000000e+000	2.09554953e-003	
4.60000000e+000	2.10038760e-003	
4.70000000e+000	2.10522566e-003	
4.80000000e+000	2.11006372e-003	
4.90000000e+000	2.11490179e-003	
5.00000000e+000	2.11973985e-003	
5.10000000e+000	2.12457791e-003	
5.20000000e+000	2.12973396e-003	
5.30000000e+000	2.13492684e-003	
5.40000000e+000	2.14011971e-003	
5.50000000e+000	2.14531259e-003	
5.60000000e+000	2.15050547e-003	
5.70000000e+000	2.15569834e-003	
5.80000000e+000	2.16089122e-003	
5.90000000e+000	2.16608409e-003	
6.00000000e+000	2.17127697e-003	
6.10000000e+000	2.17646984e-003	
6.20000000e+000	2.18166272e-003	
6.30000000e+000	2.18684690e-003	
6.40000000e+000	2.19201827e-003	
6.50000000e+000	2.19718964e-003	
6.60000000e+000	2.20236102e-003	
6.70000000e+000	2.20792341e-003	
6.80000000e+000	2.21350073e-003	
6.90000000e+000	2.21907805e-003	
7.00000000e+000	2.22465537e-003	
7.10000000e+000	2.23023269e-003	
7.20000000e+000	2.23570560e-003	
7.30000000e+000	2.24112064e-003	
7.40000000e+000	2.24653569e-003	
7.50000000e+000	2.25195073e-003	
7.60000000e+000	2.25736578e-003	
7.70000000e+000	2.26278082e-003	
7.80000000e+000	2.26819587e-003	
7.90000000e+000	2.27361091e-003	
8.00000000e+000	2.27902596e-003	
8.10000000e+000	2.28444100e-003	
8.20000000e+000	2.29019223e-003	
8.30000000e+000	2.29595018e-003	
8.40000000e+000	2.30170812e-003	
8.50000000e+000	2.30746607e-003	
8.60000000e+000	2.31339808e-003	
8.70000000e+000	2.31934918e-003	
8.80000000e+000	2.32530027e-003	
8.90000000e+000	2.33125137e-003	
9.00000000e+000	2.33720246e-003	
9.10000000e+000	2.34315356e-003	
9.20000000e+000	2.34910466e-003	
9.30000000e+000	2.35505575e-003	
9.40000000e+000	2.36100685e-003	
9.50000000e+000	2.36695794e-003	
9.60000000e+000	2.37290904e-003	
9.70000000e+000	2.37887274e-003	
9.80000000e+000	2.38484739e-003	
9.90000000e+000	2.39082204e-003	
1.00000000e+001	2.39679669e-003	
1.01000000e+001	2.40286096e-003	
1.02000000e+001	2.40915282e-003	
1.03000000e+001	2.41544468e-003	
1.04000000e+001	2.42173654e-003	
1.05000000e+001	2.42802840e-003	
1.06000000e+001	2.43432027e-003	
1.07000000e+001	2.44061213e-003	
1.08000000e+001	2.44690399e-003	
1.09000000e+001	2.45319585e-003	
1.10000000e+001	2.45948771e-003	
1.11000000e+001	2.46585753e-003	
1.12000000e+001	2.47245645e-003	
1.13000000e+001	2.47905537e-003	
1.14000000e+001	2.48565429e-003	
1.15000000e+001	2.49225321e-003	
1.16000000e+001	2.49885213e-003	
1.17000000e+001	2.50545104e-003	
1.18000000e+001	2.51204996e-003	
1.19000000e+001	2.51874057e-003	
1.20000000e+001	2.52546172e-003	
1.21000000e+001	2.53218287e-003	
1.22000000e+001	2.53890402e-003	
1.23000000e+001	2.54588040e-003	
1.24000000e+001	2.55293788e-003	
1.25000000e+001	2.55999535e-003	
1.26000000e+001	2.56705283e-003	
1.27000000e+001	2.57411031e-003	
1.28000000e+001	2.58116778e-003	
1.29000000e+001	2.58822526e-003	
1.30000000e+001	2.59528274e-003	
1.31000000e+001	2.60234021e-003	
1.32000000e+001	2.60939769e-003	
1.33000000e+001	2.61645517e-003	
1.34000000e+001	2.62351264e-003	
1.35000000e+001	2.63057012e-003	
1.36000000e+001	2.63762760e-003	
1.37000000e+001	2.64468507e-003	
1.38000000e+001	2.65176688e-003	
1.39000000e+001	2.65885334e-003	
1.40000000e+001	2.66601298e-003	
1.41000000e+001	2.67374400e-003	
1.42000000e+001	2.68147502e-003	
1.43000000e+001	2.68920604e-003	
1.44000000e+001	2.69693707e-003	
1.45000000e+001	2.70466809e-003	
1.46000000e+001	2.71239911e-003	
1.47000000e+001	2.72013013e-003	
1.48000000e+001	2.72779156e-003	
1.49000000e+001	2.73536275e-003	
1.50000000e+001	2.74293394e-003	
1.51000000e+001	2.75050513e-003	
1.52000000e+001	2.75807632e-003	
1.53000000e+001	2.76564752e-003	
1.54000000e+001	2.77343202e-003	
1.55000000e+001	2.78136530e-003	
1.56000000e+001	2.78934395e-003	
1.57000000e+001	2.79750306e-003	
1.58000000e+001	2.80566217e-003	
1.59000000e+001	2.81382127e-003	
1.60000000e+001	2.82198038e-003	
1.61000000e+001	2.83013949e-003	
1.62000000e+001	2.83829860e-003	
1.63000000e+001	2.84645771e-003	
1.64000000e+001	2.85461682e-003	
1.65000000e+001	2.86277593e-003	
1.66000000e+001	2.87093504e-003	
1.67000000e+001	2.87920145e-003	
1.68000000e+001	2.88770044e-003	
1.69000000e+001	2.89619943e-003	
1.70000000e+001	2.90469843e-003	
1.71000000e+001	2.91319742e-003	
1.72000000e+001	2.92169642e-003	
1.73000000e+001	2.93019541e-003	
1.74000000e+001	2.93869441e-003	
1.75000000e+001	2.94746944e-003	
1.76000000e+001	2.95678099e-003	
1.77000000e+001	2.96609254e-003	
1.78000000e+001	2.97540409e-003	
1.79000000e+001	2.98455295e-003	
1.80000000e+001	2.99344037e-003	
1.81000000e+001	3.00232778e-003	
1.82000000e+001	3.01121520e-003	
1.83000000e+001	3.02010261e-003	
1.84000000e+001	3.02899002e-003	
1.85000000e+001	3.03849809e-003	
1.86000000e+001	3.04820647e-003	
1.87000000e+001	3.05791485e-003	
1.88000000e+001	3.06762324e-003	
1.89000000e+001	3.07733162e-003	
1.90000000e+001	3.08704000e-003	
1.91000000e+001	3.09674838e-003	
1.92000000e+001	3.10645676e-003	
1.93000000e+001	3.11616514e-003	
1.94000000e+001	3.12587352e-003	
1.95000000e+001	3.13558190e-003	
1.96000000e+001	3.14529029e-003	
1.97000000e+001	3.15484235e-003	
1.98000000e+001	3.16429565e-003	
1.99000000e+001	3.17392643e-003	
2.00000000e+001	3.18423716e-003	
2.01000000e+001	3.19471666e-003	
2.02000000e+001	3.20519616e-003	
2.03000000e+001	3.21567566e-003	
2.04000000e+001	3.22615516e-003	
2.05000000e+001	3.23663466e-003	
2.06000000e+001	3.24711417e-003	
2.07000000e+001	3.25759367e-003	
2.08000000e+001	3.26807317e-003	
2.09000000e+001	3.27855267e-003	
2.10000000e+001	3.28903217e-003	
2.11000000e+001	3.29951167e-003	
2.12000000e+001	3.31031571e-003	
2.13000000e+001	3.32166897e-003	
2.14000000e+001	3.33302224e-003	
2.15000000e+001	3.34437550e-003	
2.16000000e+001	3.35572876e-003	
2.17000000e+001	3.36708203e-003	
2.18000000e+001	3.37843529e-003	
2.19000000e+001	3.38978855e-003	
2.20000000e+001	3.40114181e-003	
2.21000000e+001	3.41249508e-003	
2.22000000e+001	3.42384834e-003	
2.23000000e+001	3.43520160e-003	
2.24000000e+001	3.44655487e-003	
2.25000000e+001	3.45790813e-003	
2.26000000e+001	3.46926139e-003	
2.27000000e+001	3.48061466e-003	
2.28000000e+001	3.49196792e-003	
2.29000000e+001	3.50332118e-003	
2.30000000e+001	3.51467445e-003	
2.31000000e+001	3.52702899e-003	
2.32000000e+001	3.54004927e-003	
2.33000000e+001	3.55306954e-003	
2.34000000e+001	3.56556168e-003	
2.35000000e+001	3.57775651e-003	
2.36000000e+001	3.58995133e-003	
2.37000000e+001	3.60214616e-003	
2.38000000e+001	3.61434099e-003	
2.39000000e+001	3.62653582e-003	
2.40000000e+001	3.63873064e-003	
2.41000000e+001	3.65173004e-003	
2.42000000e+001	3.66488106e-003	
2.43000000e+001	3.67803209e-003	
2.44000000e+001	3.69118311e-003	
2.45000000e+001	3.70433413e-003	
2.46000000e+001	3.71742766e-003	
2.47000000e+001	3.73043686e-003	
2.48000000e+001	3.74344606e-003	
2.49000000e+001	3.75645526e-003	
2.50000000e+001	3.77065518e-003	
2.51000000e+001	3.78565268e-003	
2.52000000e+001	3.80065019e-003	
2.53000000e+001	3.81564769e-003	
2.54000000e+001	3.83054255e-003	
2.55000000e+001	3.84509322e-003	
2.56000000e+001	3.85964389e-003	
2.57000000e+001	3.87419457e-003	
2.58000000e+001	3.88874524e-003	
2.59000000e+001	3.90329591e-003	
2.60000000e+001	3.91784658e-003	
2.61000000e+001	3.93239725e-003	
2.62000000e+001	3.94694792e-003	
2.63000000e+001	3.96149860e-003	
2.64000000e+001	3.97604927e-003	
2.65000000e+001	3.99059994e-003	
2.66000000e+001	4.00515061e-003	
2.67000000e+001	4.01970128e-003	
2.68000000e+001	4.03425195e-003	
2.69000000e+001	4.05030292e-003	
2.70000000e+001	4.06665682e-003	
2.71000000e+001	4.08302588e-003	
2.72000000e+001	4.09939495e-003	
2.73000000e+001	4.11576401e-003	
2.74000000e+001	4.13213308e-003	
2.75000000e+001	4.14850214e-003	
2.76000000e+001	4.16487120e-003	
2.77000000e+001	4.18124027e-003	
2.78000000e+001	4.19760933e-003	
2.79000000e+001	4.21397840e-003	
2.80000000e+001	4.23034745e-003	
2.81000000e+001	4.24761859e-003	
2.82000000e+001	4.26488974e-003	
2.83000000e+001	4.28216089e-003	
2.84000000e+001	4.29943204e-003	
2.85000000e+001	4.31681876e-003	
2.86000000e+001	4.33473897e-003	
2.87000000e+001	4.35265919e-003	
2.88000000e+001	4.37079533e-003	
2.89000000e+001	4.38901515e-003	
2.90000000e+001	4.40723490e-003	
2.91000000e+001	4.42581589e-003	
2.92000000e+001	4.44439322e-003	
2.93000000e+001	4.46297055e-003	
2.94000000e+001	4.48201862e-003	
2.95000000e+001	4.50125530e-003	
2.96000000e+001	4.52053648e-003	
2.97000000e+001	4.54007154e-003	
2.98000000e+001	4.55976807e-003	
2.99000000e+001	4.57959844e-003	
3.00000000e+001	4.59962140e-003	
3.01000000e+001	4.59971514e-003	
3.02000000e+001	4.60001829e-003	
3.03000000e+001	4.60048461e-003	
3.04000000e+001	4.60108181e-003	
3.05000000e+001	4.60184384e-003	
3.06000000e+001	4.60283758e-003	
3.07000000e+001	4.60386413e-003	
3.08000000e+001	4.60526051e-003	
3.09000000e+001	4.60676771e-003	
3.10000000e+001	4.60828703e-003	
3.11000000e+001	4.61011766e-003	
3.12000000e+001	4.61194583e-003	
3.13000000e+001	4.61410996e-003	
3.14000000e+001	4.61642875e-003	
3.15000000e+001	4.61861451e-003	
3.16000000e+001	4.62162736e-003	
3.17000000e+001	4.62481315e-003	
3.18000000e+001	4.62799894e-003	
3.19000000e+001	4.63118473e-003	
3.20000000e+001	4.63437051e-003	
3.21000000e+001	4.63817700e-003	
3.22000000e+001	4.64198348e-003	
3.23000000e+001	4.64578996e-003	
3.24000000e+001	4.64959644e-003	
3.25000000e+001	4.65377555e-003	
3.26000000e+001	4.65823598e-003	
3.27000000e+001	4.66341839e-003	
3.28000000e+001	4.66860080e-003	
3.29000000e+001	4.67378322e-003	
3.30000000e+001	4.67859852e-003	
3.31000000e+001	4.68382397e-003	
3.32000000e+001	4.68980532e-003	
3.33000000e+001	4.69578667e-003	
3.34000000e+001	4.70157018e-003	
3.35000000e+001	4.70728254e-003	
3.36000000e+001	4.71367014e-003	
3.37000000e+001	4.72055338e-003	
3.38000000e+001	4.72725421e-003	
3.39000000e+001	4.73395504e-003	
3.40000000e+001	4.74065587e-003	
3.41000000e+001	4.74798070e-003	
3.42000000e+001	4.75580366e-003	
3.43000000e+001	4.76365088e-003	
3.44000000e+001	4.77169583e-003	
3.45000000e+001	4.77989419e-003	
3.46000000e+001	4.78831511e-003	
3.47000000e+001	4.79673603e-003	
3.48000000e+001	4.80544305e-003	
3.49000000e+001	4.81427088e-003	
3.50000000e+001	4.82364486e-003	
3.51000000e+001	4.83318658e-003	
3.52000000e+001	4.84272829e-003	
3.53000000e+001	4.85233823e-003	
3.54000000e+001	4.86208810e-003	
3.55000000e+001	4.87281146e-003	
3.56000000e+001	4.88353481e-003	
3.57000000e+001	4.89408871e-003	
3.58000000e+001	4.90449779e-003	
3.59000000e+001	4.91594419e-003	
3.60000000e+001	4.92737369e-003	
3.61000000e+001	4.93880318e-003	
3.62000000e+001	4.95023268e-003	
3.63000000e+001	4.96198022e-003	
3.64000000e+001	4.97427262e-003	
3.65000000e+001	4.98656502e-003	
3.66000000e+001	4.99885743e-003	
3.67000000e+001	5.01176122e-003	
3.68000000e+001	5.02468402e-003	
3.69000000e+001	5.03770222e-003	
3.70000000e+001	5.05074270e-003	
3.71000000e+001	5.06440957e-003	
3.72000000e+001	5.07843459e-003	
3.73000000e+001	5.09246256e-003	
3.74000000e+001	5.10649489e-003	
3.75000000e+001	5.12061165e-003	
3.76000000e+001	5.13480711e-003	
3.77000000e+001	5.14997098e-003	
3.78000000e+001	5.16553528e-003	
3.79000000e+001	5.18026463e-003	
3.80000000e+001	5.19491105e-003	
3.81000000e+001	5.08844620e-003	
3.82000000e+001	4.98198135e-003	
3.83000000e+001	4.87551651e-003	
3.84000000e+001	4.76905166e-003	
3.85000000e+001	4.66258681e-003	
3.86000000e+001	4.55651182e-003	
3.87000000e+001	4.45054471e-003	
3.88000000e+001	4.34457760e-003	
3.89000000e+001	4.23861049e-003	
3.90000000e+001	4.13264740e-003	
3.91000000e+001	4.02668471e-003	
3.92000000e+001	3.92072202e-003	
3.93000000e+001	3.81475932e-003	
3.94000000e+001	3.71024666e-003	
3.95000000e+001	3.60618133e-003	
3.96000000e+001	3.50153929e-003	
3.97000000e+001	3.39625527e-003	
3.98000000e+001	3.29097126e-003	
3.99000000e+001	3.18644251e-003	
4.00000000e+001	3.08234171e-003	
4.01000000e+001	2.97824092e-003	
4.02000000e+001	2.87414012e-003	
4.03000000e+001	2.76959237e-003	
4.04000000e+001	2.66541280e-003	
4.05000000e+001	2.56162143e-003	
4.06000000e+001	2.45783006e-003	
4.07000000e+001	2.35403868e-003	
4.08000000e+001	2.25024731e-003	
4.09000000e+001	2.14645594e-003	
4.10000000e+001	2.04266457e-003	
4.11000000e+001	1.93887320e-003	
4.12000000e+001	1.83508182e-003	
4.13000000e+001	1.73129045e-003	
4.14000000e+001	1.62749908e-003	
4.15000000e+001	1.52553724e-003	
4.16000000e+001	1.42380323e-003	
4.17000000e+001	1.32206922e-003	
4.18000000e+001	1.21946537e-003	
4.19000000e+001	1.11672243e-003	
4.20000000e+001	1.01397949e-003	
4.21000000e+001	9.11236548e-004	
4.22000000e+001	8.07948952e-004	
4.23000000e+001	7.03879914e-004	
4.24000000e+001	6.00741532e-004	
4.25000000e+001	4.97974299e-004	
4.26000000e+001	3.95207067e-004	
4.27000000e+001	2.92439834e-004	
4.28000000e+001	1.89672601e-004	
4.29000000e+001	8.69053685e-005	
4.30000000e+001	-1.58618642e-005	
4.31000000e+001	-1.18629097e-004	
4.32000000e+001	-2.21396330e-004	
4.33000000e+001	-3.24564244e-004	
4.34000000e+001	-4.28899435e-004	
4.35000000e+001	-5.33273437e-004	
4.36000000e+001	-6.37659845e-004	
4.37000000e+001	-7.41563503e-004	
4.38000000e+001	-8.44603021e-004	
4.39000000e+001	-9.47642539e-004	
4.40000000e+001	-1.05068206e-003	
4.41000000e+001	-1.15372158e-003	
4.42000000e+001	-1.25676109e-003	
4.43000000e+001	-1.35980061e-003	
4.44000000e+001	-1.46284013e-003	
4.45000000e+001	-1.56587965e-003	
4.46000000e+001	-1.67021546e-003	
4.47000000e+001	-1.77544401e-003	
4.48000000e+001	-1.88067255e-003	
4.49000000e+001	-1.98590110e-003	
4.50000000e+001	-2.09112964e-003	
4.51000000e+001	-2.19635818e-003	
4.52000000e+001	-2.30132014e-003	
4.53000000e+001	-2.40613860e-003	
4.54000000e+001	-2.51197955e-003	
4.55000000e+001	-2.61782051e-003	
4.56000000e+001	-2.72368860e-003	
4.57000000e+001	-2.82956003e-003	
4.58000000e+001	-2.93543145e-003	
4.59000000e+001	-3.04130288e-003	
4.60000000e+001	-3.14717431e-003	
4.61000000e+001	-3.13119105e-003	
4.62000000e+001	-3.11520779e-003	
4.63000000e+001	-3.09922453e-003	
4.64000000e+001	-3.08292707e-003	
4.65000000e+001	-3.06728304e-003	
4.66000000e+001	-3.05163901e-003	
4.67000000e+001	-3.03599498e-003	
4.68000000e+001	-3.02036925e-003	
4.69000000e+001	-3.00514626e-003	
4.70000000e+001	-2.99060489e-003	
4.71000000e+001	-2.97606352e-003	
4.72000000e+001	-2.96118243e-003	
4.73000000e+001	-2.94626194e-003	
4.74000000e+001	-2.93221352e-003	
4.75000000e+001	-2.91838860e-003	
4.76000000e+001	-2.90456368e-003	
4.77000000e+001	-2.89064206e-003	
4.78000000e+001	-2.87715945e-003	
4.79000000e+001	-2.86388612e-003	
4.80000000e+001	-2.85061278e-003	
4.81000000e+001	-2.83733945e-003	
4.82000000e+001	-2.82409623e-003	
4.83000000e+001	-2.81165043e-003	
4.84000000e+001	-2.79920463e-003	
4.85000000e+001	-2.78685633e-003	
4.86000000e+001	-2.77489335e-003	
4.87000000e+001	-2.76293037e-003	
4.88000000e+001	-2.75096739e-003	
4.89000000e+001	-2.73900441e-003	
4.90000000e+001	-2.72719879e-003	
4.91000000e+001	-2.71561698e-003	
4.92000000e+001	-2.70502177e-003	
4.93000000e+001	-2.69418852e-003	
4.94000000e+001	-2.68304034e-003	
4.95000000e+001	-2.67189216e-003	
4.96000000e+001	-2.66115543e-003	
4.97000000e+001	-2.65094157e-003	
4.98000000e+001	-2.64072771e-003	
4.99000000e+001	-2.63070192e-003	
5.00000000e+001	-2.62076823e-003	
5.01000000e+001	-2.61132372e-003	
5.02000000e+001	-2.60187921e-003	
5.03000000e+001	-2.59243470e-003	
5.04000000e+001	-2.58299019e-003	
5.05000000e+001	-2.57365405e-003	
5.06000000e+001	-2.56461371e-003	
5.07000000e+001	-2.55557177e-003	
5.08000000e+001	-2.54652983e-003	
5.09000000e+001	-2.53793401e-003	
5.10000000e+001	-2.52973849e-003	
5.11000000e+001	-2.52135008e-003	
5.12000000e+001	-2.51296166e-003	
5.13000000e+001	-2.50457325e-003	
5.14000000e+001	-2.49657258e-003	
5.15000000e+001	-2.48870325e-003	
5.16000000e+001	-2.48083391e-003	
5.17000000e+001	-2.47340519e-003	
5.18000000e+001	-2.46607144e-003	
5.19000000e+001	-2.45873769e-003	
5.20000000e+001	-2.45140395e-003	
5.21000000e+001	-2.44394892e-003	
5.22000000e+001	-2.43705841e-003	
5.23000000e+001	-2.43028310e-003	
5.24000000e+001	-2.42349393e-003	
5.25000000e+001	-2.41659384e-003	
5.26000000e+001	-2.40969375e-003	
5.27000000e+001	-2.40310759e-003	
5.28000000e+001	-2.39701149e-003	
5.29000000e+001	-2.39065867e-003	
5.30000000e+001	-2.38430585e-003	
5.31000000e+001	-2.37795302e-003	
5.32000000e+001	-2.37160020e-003	
5.33000000e+001	-2.36581092e-003	
5.34000000e+001	-2.36013416e-003	
5.35000000e+001	-2.35445741e-003	
5.36000000e+001	-2.34871635e-003	
5.37000000e+001	-2.34327712e-003	
5.38000000e+001	-2.33783665e-003	
5.39000000e+001	-2.33239619e-003	
5.40000000e+001	-2.32695572e-003	
5.41000000e+001	-2.32196730e-003	
5.42000000e+001	-2.31697889e-003	
5.43000000e+001	-2.31184238e-003	
5.44000000e+001	-2.30664664e-003	
5.45000000e+001	-2.30179116e-003	
5.46000000e+001	-2.29697864e-003	
5.47000000e+001	-2.29220991e-003	
5.48000000e+001	-2.28747883e-003	
5.49000000e+001	-2.28305368e-003	
5.50000000e+001	-2.27862852e-003	
5.51000000e+001	-2.27420336e-003	
5.52000000e+001	-2.26977821e-003	
5.53000000e+001	-2.26528145e-003	
5.54000000e+001	-2.26099483e-003	
5.55000000e+001	-2.25723025e-003	
5.56000000e+001	-2.25336006e-003	
5.57000000e+001	-2.24948987e-003	
5.58000000e+001	-2.24561968e-003	
5.59000000e+001	-2.24174949e-003	
5.60000000e+001	-2.23787930e-003	
5.61000000e+001	-2.23400911e-003	
5.62000000e+001	-2.23013892e-003	
5.63000000e+001	-2.22626873e-003	
5.64000000e+001	-2.22239854e-003	
5.65000000e+001	-2.21894391e-003	
5.66000000e+001	-2.21589322e-003	
5.67000000e+001	-2.21284254e-003	
5.68000000e+001	-2.20957889e-003	
5.69000000e+001	-2.20620785e-003	
5.70000000e+001	-2.20283680e-003	
5.71000000e+001	-2.19946575e-003	
5.72000000e+001	-2.19609471e-003	
5.73000000e+001	-2.19272366e-003	
5.74000000e+001	-2.19000033e-003	
5.75000000e+001	-2.18744360e-003	
5.76000000e+001	-2.18488687e-003	
5.77000000e+001	-2.18233015e-003	
5.78000000e+001	-2.17977342e-003	
5.79000000e+001	-2.17721670e-003	
5.80000000e+001	-2.17465997e-003	
5.81000000e+001	-2.17202446e-003	
5.82000000e+001	-2.16924748e-003	
5.83000000e+001	-2.16647050e-003	
5.84000000e+001	-2.16369353e-003	
5.85000000e+001	-2.16091655e-003	
5.86000000e+001	-2.15813957e-003	
5.87000000e+001	-2.15536259e-003	
5.88000000e+001	-2.15299169e-003	
5.89000000e+001	-2.15081930e-003	
5.90000000e+001	-2.14864692e-003	
5.91000000e+001	-2.14647453e-003	
5.92000000e+001	-2.14430214e-003	
5.93000000e+001	-2.14212976e-003	
5.94000000e+001	-2.13992946e-003	
5.95000000e+001	-2.13735374e-003	
5.96000000e+001	-2.13477803e-003	
5.97000000e+001	-2.13220231e-003	
5.98000000e+001	-2.13019114e-003	
5.99000000e+001	-2.12828329e-003	
6.00000000e+001	-2.12637544e-003	
6.01000000e+001	-2.12446759e-003	
6.02000000e+001	-2.12255974e-003	
6.03000000e+001	-2.12065189e-003	
6.04000000e+001	-2.11874404e-003	
6.05000000e+001	-2.11681817e-003	
6.06000000e+001	-2.11509297e-003	
6.07000000e+001	-2.11343061e-003	
6.08000000e+001	-2.11176824e-003	
6.09000000e+001	-2.11010587e-003	
6.10000000e+001	-2.10844351e-003	
6.11000000e+001	-2.10678114e-003	
6.12000000e+001	-2.10511878e-003	
6.13000000e+001	-2.10345641e-003	
6.14000000e+001	-2.10188445e-003	
6.15000000e+001	-2.10049053e-003	
6.16000000e+001	-2.09904978e-003	
6.17000000e+001	-2.09751553e-003	
6.18000000e+001	-2.09598127e-003	
6.19000000e+001	-2.09444701e-003	
6.20000000e+001	-2.09291275e-003	
6.21000000e+001	-2.09160913e-003	
6.22000000e+001	-2.09030551e-003	
6.23000000e+001	-2.08900190e-003	
6.24000000e+001	-2.08769686e-003	
6.25000000e+001	-2.08650904e-003	
6.26000000e+001	-2.08530491e-003	
6.27000000e+001	-2.08405926e-003	
6.28000000e+001	-2.08281360e-003	
6.29000000e+001	-2.08161063e-003	
6.30000000e+001	-2.08050430e-003	
6.31000000e+001	-2.07939797e-003	
6.32000000e+001	-2.07829453e-003	
6.33000000e+001	-2.07721562e-003	
6.34000000e+001	-2.07613671e-003	
6.35000000e+001	-2.07514414e-003	
6.36000000e+001	-2.07417505e-003	
6.37000000e+001	-2.07320596e-003	
6.38000000e+001	-2.07220075e-003	
6.39000000e+001	-2.07121916e-003	
6.40000000e+001	-2.07030956e-003	
6.41000000e+001	-2.06939995e-003	
6.42000000e+001	-2.06849035e-003	
6.43000000e+001	-2.06762419e-003	
6.44000000e+001	-2.06677945e-003	
6.45000000e+001	-2.06593741e-003	
6.46000000e+001	-2.06511766e-003	
6.47000000e+001	-2.06429790e-003	
6.48000000e+001	-2.06347815e-003	
6.49000000e+001	-2.06271756e-003	
6.50000000e+001	-2.06200406e-003	
6.51000000e+001	-2.06129056e-003	
6.52000000e+001	-2.06057541e-003	
6.53000000e+001	-2.05983774e-003	
6.54000000e+001	-2.05911409e-003	
6.55000000e+001	-2.05850431e-003	
6.56000000e+001	-2.05789453e-003	
6.57000000e+001	-2.05728474e-003	
6.58000000e+001	-2.05667496e-003	
6.59000000e+001	-2.05606518e-003	
6.60000000e+001	-2.05549277e-003	
6.61000000e+001	-2.05492906e-003	
6.62000000e+001	-2.05436535e-003	
6.63000000e+001	-2.05380165e-003	
6.64000000e+001	-2.05329820e-003	
6.65000000e+001	-2.05284418e-003	
6.66000000e+001	-2.05239016e-003	
6.67000000e+001	-2.05193613e-003	
6.68000000e+001	-2.05143182e-003	
6.69000000e+001	-2.05095533e-003	
6.70000000e+001	-2.05052989e-003	
6.71000000e+001	-2.05014662e-003	
6.72000000e+001	-2.04976335e-003	
6.73000000e+001	-2.04938009e-003	
6.74000000e+001	-2.04900744e-003	
6.75000000e+001	-2.04869577e-003	
6.76000000e+001	-2.04839156e-003	
6.77000000e+001	-2.04808735e-003	
6.78000000e+001	-2.04778314e-003	
6.79000000e+001	-2.04747815e-003	
6.80000000e+001	-2.04718822e-003	
6.81000000e+001	-2.04694736e-003	
6.82000000e+001	-2.04670181e-003	
6.83000000e+001	-2.04645626e-003	
6.84000000e+001	-2.04621071e-003	
6.85000000e+001	-2.04597927e-003	
6.86000000e+001	-2.04579643e-003	
6.87000000e+001	-2.04560688e-003	
6.88000000e+001	-2.04543799e-003	
6.89000000e+001	-2.04529680e-003	
6.90000000e+001	-2.04515733e-003	
6.91000000e+001	-2.04503698e-003	
6.92000000e+001	-2.04491201e-003	
6.93000000e+001	-2.04481197e-003	
6.94000000e+001	-2.04472941e-003	
6.95000000e+001	-2.04464535e-003	
6.96000000e+001	-2.04457788e-003	
6.97000000e+001	-2.04453178e-003	
6.98000000e+001	-2.04450104e-003	
6.99000000e+001	-2.04447918e-003	
7.00000000e+001	-2.04447187e-003	
7.01000000e+001	-2.03939729e-003	
7.02000000e+001	-2.03433327e-003	
7.03000000e+001	-2.02928689e-003	
7.04000000e+001	-2.02424751e-003	
7.05000000e+001	-2.01922918e-003	
7.06000000e+001	-2.01422167e-003	
7.07000000e+001	-2.00922622e-003	
7.08000000e+001	-2.00423066e-003	
7.09000000e+001	-1.99927107e-003	
7.10000000e+001	-1.99431149e-003	
7.11000000e+001	-1.98936514e-003	
7.12000000e+001	-1.98444449e-003	
7.13000000e+001	-1.97952299e-003	
7.14000000e+001	-1.97460149e-003	
7.15000000e+001	-1.96968406e-003	
7.16000000e+001	-1.96478852e-003	
7.17000000e+001	-1.95996343e-003	
7.18000000e+001	-1.95513834e-003	
7.19000000e+001	-1.95031326e-003	
7.20000000e+001	-1.94548817e-003	
7.21000000e+001	-1.94066120e-003	
7.22000000e+001	-1.93587895e-003	
7.23000000e+001	-1.93114077e-003	
7.24000000e+001	-1.92640260e-003	
7.25000000e+001	-1.92166442e-003	
7.26000000e+001	-1.91692624e-003	
7.27000000e+001	-1.91218807e-003	
7.28000000e+001	-1.90744989e-003	
7.29000000e+001	-1.90271172e-003	
7.30000000e+001	-1.89797354e-003	
7.31000000e+001	-1.89323537e-003	
7.32000000e+001	-1.88849593e-003	
7.33000000e+001	-1.88387932e-003	
7.34000000e+001	-1.87926997e-003	
7.35000000e+001	-1.87466061e-003	
7.36000000e+001	-1.87005126e-003	
7.37000000e+001	-1.86544191e-003	
7.38000000e+001	-1.86083256e-003	
7.39000000e+001	-1.85622321e-003	
7.40000000e+001	-1.85161385e-003	
7.41000000e+001	-1.84700450e-003	
7.42000000e+001	-1.84239515e-003	
7.43000000e+001	-1.83783503e-003	
7.44000000e+001	-1.83337148e-003	
7.45000000e+001	-1.82890528e-003	
7.46000000e+001	-1.82442993e-003	
7.47000000e+001	-1.81995459e-003	
7.48000000e+001	-1.81547924e-003	
7.49000000e+001	-1.81100390e-003	
7.50000000e+001	-1.80652855e-003	
7.51000000e+001	-1.80205321e-003	
7.52000000e+001	-1.79757786e-003	
7.53000000e+001	-1.79310252e-003	
7.54000000e+001	-1.78862717e-003	
7.55000000e+001	-1.78415183e-003	
7.56000000e+001	-1.77972762e-003	
7.57000000e+001	-1.77543242e-003	
7.58000000e+001	-1.77114876e-003	
7.59000000e+001	-1.76686310e-003	
7.60000000e+001	-1.76253508e-003	
7.61000000e+001	-1.75820706e-003	
7.62000000e+001	-1.75387905e-003	
7.63000000e+001	-1.74955103e-003	
7.64000000e+001	-1.74522301e-003	
7.65000000e+001	-1.74089499e-003	
7.66000000e+001	-1.73656698e-003	
7.67000000e+001	-1.73223896e-003	
7.68000000e+001	-1.72791094e-003	
7.69000000e+001	-1.72358292e-003	
7.70000000e+001	-1.71932607e-003	
7.71000000e+001	-1.71509670e-003	
7.72000000e+001	-1.71089505e-003	
7.73000000e+001	-1.70678531e-003	
7.74000000e+001	-1.70267557e-003	
7.75000000e+001	-1.69856583e-003	
7.76000000e+001	-1.69445609e-003	
7.77000000e+001	-1.69034635e-003	
7.78000000e+001	-1.68623661e-003	
7.79000000e+001	-1.68212688e-003	
7.80000000e+001	-1.67801714e-003	
7.81000000e+001	-1.67390740e-003	
7.82000000e+001	-1.66979766e-003	
7.83000000e+001	-1.66568792e-003	
7.84000000e+001	-1.66157818e-003	
7.85000000e+001	-1.65746844e-003	
7.86000000e+001	-1.65349646e-003	
7.87000000e+001	-1.64955076e-003	
7.88000000e+001	-1.64560506e-003	
7.89000000e+001	-1.64165936e-003	
7.90000000e+001	-1.63771366e-003	
7.91000000e+001	-1.63376796e-003	
7.92000000e+001	-1.62982226e-003	
7.93000000e+001	-1.62587656e-003	
7.94000000e+001	-1.62193086e-003	
7.95000000e+001	-1.61798516e-003	
7.96000000e+001	-1.61403946e-003	
7.97000000e+001	-1.61009376e-003	
7.98000000e+001	-1.60614805e-003	
7.99000000e+001	-1.60220235e-003	
8.00000000e+001	-1.59825665e-003	
8.01000000e+001	-1.59431095e-003	
8.02000000e+001	-1.59041327e-003	
8.03000000e+001	-1.58654555e-003	
8.04000000e+001	-1.58267784e-003	
8.05000000e+001	-1.57892268e-003	
8.06000000e+001	-1.57524038e-003	
8.07000000e+001	-1.57155809e-003	
8.08000000e+001	-1.56787579e-003	
8.09000000e+001	-1.56409210e-003	
8.10000000e+001	-1.56026831e-003	
8.11000000e+001	-1.55644451e-003	
8.12000000e+001	-1.55262072e-003	
8.13000000e+001	-1.54879693e-003	
8.14000000e+001	-1.54519109e-003	
8.15000000e+001	-1.54158839e-003	
8.16000000e+001	-1.53798569e-003	
8.17000000e+001	-1.53438299e-003	
8.18000000e+001	-1.53078029e-003	
8.19000000e+001	-1.52717760e-003	
8.20000000e+001	-1.52357490e-003	
8.21000000e+001	-1.51997220e-003	
8.22000000e+001	-1.51636950e-003	
8.23000000e+001	-1.51276680e-003	
8.24000000e+001	-1.50916410e-003	
8.25000000e+001	-1.50554653e-003	
8.26000000e+001	-1.50192146e-003	
8.27000000e+001	-1.49839430e-003	
8.28000000e+001	-1.49492740e-003	
8.29000000e+001	-1.49146050e-003	
8.30000000e+001	-1.48799360e-003	
8.31000000e+001	-1.48452671e-003	
8.32000000e+001	-1.48105981e-003	
8.33000000e+001	-1.47759291e-003	
8.34000000e+001	-1.47412601e-003	
8.35000000e+001	-1.47065911e-003	
8.36000000e+001	-1.46719221e-003	
8.37000000e+001	-1.46372532e-003	
8.38000000e+001	-1.46025842e-003	
8.39000000e+001	-1.45679152e-003	
8.40000000e+001	-1.45332462e-003	
8.41000000e+001	-1.44985772e-003	
8.42000000e+001	-1.44639488e-003	
8.43000000e+001	-1.44308353e-003	
8.44000000e+001	-1.43975743e-003	
8.45000000e+001	-1.43643134e-003	
8.46000000e+001	-1.43310524e-003	
8.47000000e+001	-1.42977915e-003	
8.48000000e+001	-1.42645305e-003	
8.49000000e+001	-1.42312696e-003	
8.50000000e+001	-1.41980086e-003	
8.51000000e+001	-1.41647477e-003	
8.52000000e+001	-1.41314867e-003	
8.53000000e+001	-1.40982257e-003	
8.54000000e+001	-1.40649648e-003	
8.55000000e+001	-1.40317038e-003	
8.56000000e+001	-1.39984429e-003	
8.57000000e+001	-1.39660672e-003	
8.58000000e+001	-1.39346461e-003	
8.59000000e+001	-1.39032251e-003	
8.60000000e+001	-1.38718041e-003	
8.61000000e+001	-1.38403831e-003	
8.62000000e+001	-1.38089620e-003	
8.63000000e+001	-1.37775410e-003	
8.64000000e+001	-1.37461200e-003	
8.65000000e+001	-1.37146989e-003	
8.66000000e+001	-1.36832639e-003	
8.67000000e+001	-1.36515967e-003	
8.68000000e+001	-1.36199294e-003	
8.69000000e+001	-1.35882621e-003	
8.70000000e+001	-1.35565949e-003	
8.71000000e+001	-1.35250764e-003	
8.72000000e+001	-1.34953753e-003	
8.73000000e+001	-1.34656742e-003	
8.74000000e+001	-1.34359731e-003	
8.75000000e+001	-1.34062720e-003	
8.76000000e+001	-1.33765709e-003	
8.77000000e+001	-1.33463234e-003	
8.78000000e+001	-1.33160738e-003	
8.79000000e+001	-1.32858242e-003	
8.80000000e+001	-1.32555746e-003	
8.81000000e+001	-1.32253250e-003	
8.82000000e+001	-1.31950754e-003	
8.83000000e+001	-1.31648259e-003	
8.84000000e+001	-1.31345763e-003	
8.85000000e+001	-1.31043267e-003	
8.86000000e+001	-1.30740771e-003	
8.87000000e+001	-1.30438275e-003	
8.88000000e+001	-1.30135779e-003	
8.89000000e+001	-1.29853323e-003	
8.90000000e+001	-1.29571386e-003	
8.91000000e+001	-1.29289448e-003	
8.92000000e+001	-1.29007511e-003	
8.93000000e+001	-1.28725573e-003	
8.94000000e+001	-1.28443636e-003	
8.95000000e+001	-1.28161698e-003	
8.96000000e+001	-1.27879760e-003	
8.97000000e+001	-1.27597823e-003	
8.98000000e+001	-1.27315885e-003	
8.99000000e+001	-1.27033948e-003	
9.00000000e+001	-1.26752010e-003	
9.01000000e+001	-1.26470073e-003	
9.02000000e+001	-1.26188135e-003	
9.03000000e+001	-1.25906198e-003	
9.04000000e+001	-1.25624260e-003	
9.05000000e+001	-1.25344806e-003	
9.06000000e+001	-1.25073072e-003	
9.07000000e+001	-1.24801338e-003	
9.08000000e+001	-1.24529604e-003	
9.09000000e+001	-1.24257870e-003	
9.10000000e+001	-1.23986136e-003	
9.11000000e+001	-1.23714403e-003	
9.12000000e+001	-1.23442669e-003	
9.13000000e+001	-1.23170935e-003	
9.14000000e+001	-1.22899201e-003	
9.15000000e+001	-1.22627467e-003	
9.16000000e+001	-1.22355733e-003	
9.17000000e+001	-1.22083999e-003	
9.18000000e+001	-1.21812265e-003	
9.19000000e+001	-1.21540531e-003	
9.20000000e+001	-1.21268797e-003	
9.21000000e+001	-1.20997063e-003	
9.22000000e+001	-1.20736597e-003	
9.23000000e+001	-1.20477186e-003	
9.24000000e+001	-1.20217775e-003	
9.25000000e+001	-1.19958363e-003	
9.26000000e+001	-1.19698952e-003	
9.27000000e+001	-1.19440883e-003	
9.28000000e+001	-1.19185059e-003	
9.29000000e+001	-1.18929235e-003	
9.30000000e+001	-1.18673411e-003	
9.31000000e+001	-1.18417587e-003	
9.32000000e+001	-1.18161763e-003	
9.33000000e+001	-1.17905939e-003	
9.34000000e+001	-1.17654307e-003	
9.35000000e+001	-1.17407940e-003	
9.36000000e+001	-1.17161573e-003	
9.37000000e+001	-1.16915206e-003	
9.38000000e+001	-1.16668838e-003	
9.39000000e+001	-1.16422471e-003	
9.40000000e+001	-1.16176104e-003	
9.41000000e+001	-1.15929737e-003	
9.42000000e+001	-1.15679465e-003	
9.43000000e+001	-1.15434971e-003	
9.44000000e+001	-1.15197057e-003	
9.45000000e+001	-1.14959087e-003	
9.46000000e+001	-1.14715340e-003	
9.47000000e+001	-1.14471593e-003	
9.48000000e+001	-1.14227847e-003	
9.49000000e+001	-1.13984100e-003	
9.50000000e+001	-1.13740354e-003	
9.51000000e+001	-1.13496607e-003	
9.52000000e+001	-1.13252860e-003	
9.53000000e+001	-1.13009114e-003	
9.54000000e+001	-1.12766576e-003	
9.55000000e+001	-1.12525458e-003	
9.56000000e+001	-1.12284341e-003	
9.57000000e+001	-1.12043223e-003	
9.58000000e+001	-1.11810129e-003	
9.59000000e+001	-1.11582059e-003	
9.60000000e+001	-1.11353988e-003	
9.61000000e+001	-1.11125918e-003	
9.62000000e+001	-1.10897847e-003	
9.63000000e+001	-1.10669777e-003	
9.64000000e+001	-1.10441706e-003	
9.65000000e+001	-1.10213636e-003	
9.66000000e+001	-1.09982421e-003	
9.67000000e+001	-1.09750577e-003	
9.68000000e+001	-1.09518733e-003	
9.69000000e+001	-1.09286889e-003	
9.70000000e+001	-1.09055046e-003	
9.71000000e+001	-1.08829997e-003	
9.72000000e+001	-1.08611302e-003	
9.73000000e+001	-1.08392607e-003	
9.74000000e+001	-1.08173912e-003	
9.75000000e+001	-1.07955218e-003	
9.76000000e+001	-1.07736523e-003	
9.77000000e+001	-1.07517828e-003	
9.78000000e+001	-1.07295384e-003	
9.79000000e+001	-1.07072403e-003	
9.80000000e+001	-1.06849422e-003	
9.81000000e+001	-1.06626442e-003	
9.82000000e+001	-1.06403461e-003	
9.83000000e+001	-1.06180480e-003	
9.84000000e+001	-1.05958709e-003	
9.85000000e+001	-1.05747640e-003	
9.86000000e+001	-1.05536571e-003	
9.87000000e+001	-1.05325503e-003	
9.88000000e+001	-1.05114434e-003	
9.89000000e+001	-1.04903365e-003	
9.90000000e+001	-1.04692297e-003	
9.91000000e+001	-1.04481228e-003	
9.92000000e+001	-1.04270159e-003	
9.93000000e+001	-1.04059091e-003	
9.94000000e+001	-1.03848022e-003	
9.95000000e+001	-1.03636953e-003	
9.96000000e+001	-1.03425885e-003	
9.97000000e+001	-1.03214816e-003	
9.98000000e+001	-1.03003747e-003	
9.99000000e+001	-1.02792679e-003	
1.00000000e+002	-1.02581610e-003	
