% Column 0: Length, mm
% Column 1: B.t, Tesla
0.00000000e+000	4.17147687e-001	
3.00000000e-002	4.18903401e-001	
6.00000000e-002	4.20659115e-001	
9.00000000e-002	4.22414829e-001	
1.20000000e-001	4.24170543e-001	
1.50000000e-001	4.25973417e-001	
1.80000000e-001	4.27738953e-001	
2.10000000e-001	4.29475050e-001	
2.40000000e-001	4.31211146e-001	
2.70000000e-001	4.32947242e-001	
3.00000000e-001	4.34683338e-001	
3.30000000e-001	4.36433197e-001	
3.60000000e-001	4.38313626e-001	
3.90000000e-001	4.40167598e-001	
4.20000000e-001	4.42005562e-001	
4.50000000e-001	4.43844654e-001	
4.80000000e-001	4.45709578e-001	
5.10000000e-001	4.47574501e-001	
5.40000000e-001	4.49439424e-001	
5.70000000e-001	4.51304347e-001	
6.00000000e-001	4.53363895e-001	
6.30000000e-001	4.55464286e-001	
6.60000000e-001	4.57564678e-001	
6.90000000e-001	4.59657210e-001	
7.20000000e-001	4.61622580e-001	
7.50000000e-001	4.63587950e-001	
7.80000000e-001	4.65553319e-001	
8.10000000e-001	4.67518689e-001	
8.40000000e-001	4.69469219e-001	
8.70000000e-001	4.71553370e-001	
9.00000000e-001	4.73642893e-001	
9.30000000e-001	4.75732416e-001	
9.60000000e-001	4.77821940e-001	
9.90000000e-001	4.79911463e-001	
1.02000000e+000	4.82156474e-001	
1.05000000e+000	4.84425615e-001	
1.08000000e+000	4.86694756e-001	
1.11000000e+000	4.88963897e-001	
1.14000000e+000	4.91214146e-001	
1.17000000e+000	4.93434218e-001	
1.20000000e+000	4.95601842e-001	
1.23000000e+000	4.97769467e-001	
1.26000000e+000	4.99937091e-001	
1.29000000e+000	5.02104716e-001	
1.32000000e+000	5.04323554e-001	
1.35000000e+000	5.06553084e-001	
1.38000000e+000	5.08782615e-001	
1.41000000e+000	5.11012145e-001	
1.44000000e+000	5.13389125e-001	
1.47000000e+000	5.15910838e-001	
1.50000000e+000	5.18392089e-001	
1.53000000e+000	5.20873341e-001	
1.56000000e+000	5.23354592e-001	
1.59000000e+000	5.25835843e-001	
1.62000000e+000	5.28422760e-001	
1.65000000e+000	5.31090508e-001	
1.68000000e+000	5.33616401e-001	
1.71000000e+000	5.35943606e-001	
1.74000000e+000	5.38270811e-001	
1.77000000e+000	5.40683479e-001	
1.80000000e+000	5.43286426e-001	
1.83000000e+000	5.45889373e-001	
1.86000000e+000	5.48492320e-001	
1.89000000e+000	5.51129859e-001	
1.92000000e+000	5.53750105e-001	
1.95000000e+000	5.56265016e-001	
1.98000000e+000	5.58779928e-001	
2.01000000e+000	5.61281879e-001	
2.04000000e+000	5.63742476e-001	
2.07000000e+000	5.66203074e-001	
2.10000000e+000	5.68662559e-001	
2.13000000e+000	5.71103197e-001	
2.16000000e+000	5.73624190e-001	
2.19000000e+000	5.76158965e-001	
2.22000000e+000	5.78693740e-001	
2.25000000e+000	5.81228514e-001	
2.28000000e+000	5.84031866e-001	
2.31000000e+000	5.86719256e-001	
2.34000000e+000	5.89406646e-001	
2.37000000e+000	5.92094036e-001	
2.40000000e+000	5.94799428e-001	
2.43000000e+000	5.97563136e-001	
2.46000000e+000	6.00326461e-001	
2.49000000e+000	6.02989723e-001	
2.52000000e+000	6.05663493e-001	
2.55000000e+000	6.08337264e-001	
2.58000000e+000	6.11011034e-001	
2.61000000e+000	6.13715813e-001	
2.64000000e+000	6.16461631e-001	
2.67000000e+000	6.19207450e-001	
2.70000000e+000	6.21953268e-001	
2.73000000e+000	6.24721119e-001	
2.76000000e+000	6.27406945e-001	
2.79000000e+000	6.30047744e-001	
2.82000000e+000	6.32688542e-001	
2.85000000e+000	6.35329341e-001	
2.88000000e+000	6.38336671e-001	
2.91000000e+000	6.41602390e-001	
2.94000000e+000	6.44868108e-001	
2.97000000e+000	6.48133827e-001	
3.00000000e+000	6.51399544e-001	
3.03000000e+000	6.53922300e-001	
3.06000000e+000	6.56445038e-001	
3.09000000e+000	6.58967776e-001	
3.12000000e+000	6.61490514e-001	
3.15000000e+000	6.64013253e-001	
3.18000000e+000	6.66535991e-001	
3.21000000e+000	6.69058729e-001	
3.24000000e+000	6.71737364e-001	
3.27000000e+000	6.74464287e-001	
3.30000000e+000	6.77191210e-001	
3.33000000e+000	6.79918132e-001	
3.36000000e+000	6.82645055e-001	
3.39000000e+000	6.85371978e-001	
3.42000000e+000	6.88098900e-001	
3.45000000e+000	6.90833191e-001	
3.48000000e+000	6.93636830e-001	
3.51000000e+000	6.96462436e-001	
3.54000000e+000	6.99288042e-001	
3.57000000e+000	7.02113648e-001	
3.60000000e+000	7.04939255e-001	
3.63000000e+000	7.07764861e-001	
3.66000000e+000	7.10590467e-001	
3.69000000e+000	7.13292206e-001	
3.72000000e+000	7.15877099e-001	
3.75000000e+000	7.18461992e-001	
3.78000000e+000	7.21046885e-001	
3.81000000e+000	7.23631778e-001	
3.84000000e+000	7.26216671e-001	
3.87000000e+000	7.28801564e-001	
3.90000000e+000	7.31397395e-001	
3.93000000e+000	7.34147792e-001	
3.96000000e+000	7.36904110e-001	
3.99000000e+000	7.39660429e-001	
4.02000000e+000	7.42416748e-001	
4.05000000e+000	7.45173066e-001	
4.08000000e+000	7.47929385e-001	
4.11000000e+000	7.50685704e-001	
4.14000000e+000	7.53251202e-001	
4.17000000e+000	7.55792504e-001	
4.20000000e+000	7.58333806e-001	
4.23000000e+000	7.60875107e-001	
4.26000000e+000	7.63416409e-001	
4.29000000e+000	7.65955754e-001	
4.32000000e+000	7.68476084e-001	
4.35000000e+000	7.70924797e-001	
4.38000000e+000	7.73353814e-001	
4.41000000e+000	7.75743898e-001	
4.44000000e+000	7.78119406e-001	
4.47000000e+000	7.80494913e-001	
4.50000000e+000	7.82870420e-001	
4.53000000e+000	7.85245927e-001	
4.56000000e+000	7.87649309e-001	
4.59000000e+000	7.90058933e-001	
4.62000000e+000	7.92468557e-001	
4.65000000e+000	7.94809390e-001	
4.68000000e+000	7.97135550e-001	
4.71000000e+000	7.99461710e-001	
4.74000000e+000	8.01812670e-001	
4.77000000e+000	8.04276121e-001	
4.80000000e+000	8.06739572e-001	
4.83000000e+000	8.09203024e-001	
4.86000000e+000	8.11539693e-001	
4.89000000e+000	8.13818208e-001	
4.92000000e+000	8.16096722e-001	
4.95000000e+000	8.18375237e-001	
4.98000000e+000	8.20653752e-001	
5.01000000e+000	8.22932267e-001	
5.04000000e+000	8.25182753e-001	
5.07000000e+000	8.27340455e-001	
5.10000000e+000	8.29498156e-001	
5.13000000e+000	8.31655596e-001	
5.16000000e+000	8.33745323e-001	
5.19000000e+000	8.35835049e-001	
5.22000000e+000	8.37924776e-001	
5.25000000e+000	8.40014503e-001	
5.28000000e+000	8.42104230e-001	
5.31000000e+000	8.44193956e-001	
5.34000000e+000	8.46283683e-001	
5.37000000e+000	8.48373410e-001	
5.40000000e+000	8.50413889e-001	
5.43000000e+000	8.52371500e-001	
5.46000000e+000	8.54341271e-001	
5.49000000e+000	8.56311043e-001	
5.52000000e+000	8.58280814e-001	
5.55000000e+000	8.60250585e-001	
5.58000000e+000	8.62220357e-001	
5.61000000e+000	8.64186000e-001	
5.64000000e+000	8.66037355e-001	
5.67000000e+000	8.67888710e-001	
5.70000000e+000	8.69740065e-001	
5.73000000e+000	8.71591420e-001	
5.76000000e+000	8.73442775e-001	
5.79000000e+000	8.75294131e-001	
5.82000000e+000	8.77352066e-001	
5.85000000e+000	8.79303510e-001	
5.88000000e+000	8.81086077e-001	
5.91000000e+000	8.82879592e-001	
5.94000000e+000	8.84683190e-001	
5.97000000e+000	8.86486788e-001	
6.00000000e+000	8.88290386e-001	
6.03000000e+000	8.90093984e-001	
6.06000000e+000	8.91897582e-001	
6.09000000e+000	8.93725777e-001	
6.12000000e+000	8.95570116e-001	
6.15000000e+000	8.97414456e-001	
6.18000000e+000	8.99258795e-001	
6.21000000e+000	9.00973169e-001	
6.24000000e+000	9.02543879e-001	
6.27000000e+000	9.04114631e-001	
6.30000000e+000	9.05685707e-001	
6.33000000e+000	9.07256783e-001	
6.36000000e+000	9.08827859e-001	
6.39000000e+000	9.10398934e-001	
6.42000000e+000	9.11900006e-001	
6.45000000e+000	9.13389433e-001	
6.48000000e+000	9.14878860e-001	
6.51000000e+000	9.16368287e-001	
6.54000000e+000	9.17857714e-001	
6.57000000e+000	9.19347141e-001	
6.60000000e+000	9.20836567e-001	
6.63000000e+000	9.22325994e-001	
6.66000000e+000	9.23773542e-001	
6.69000000e+000	9.25116271e-001	
6.72000000e+000	9.26459000e-001	
6.75000000e+000	9.27801729e-001	
6.78000000e+000	9.29144458e-001	
6.81000000e+000	9.30603934e-001	
6.84000000e+000	9.32085202e-001	
6.87000000e+000	9.33566470e-001	
6.90000000e+000	9.35047738e-001	
6.93000000e+000	9.36529005e-001	
6.96000000e+000	9.38010273e-001	
6.99000000e+000	9.39490915e-001	
7.02000000e+000	9.40910886e-001	
7.05000000e+000	9.42330856e-001	
7.08000000e+000	9.43632379e-001	
7.11000000e+000	9.44833606e-001	
7.14000000e+000	9.46034832e-001	
7.17000000e+000	9.47217579e-001	
7.20000000e+000	9.48342443e-001	
7.23000000e+000	9.49467307e-001	
7.26000000e+000	9.50592171e-001	
7.29000000e+000	9.51717035e-001	
7.32000000e+000	9.53134084e-001	
7.35000000e+000	9.54512052e-001	
7.38000000e+000	9.55711504e-001	
7.41000000e+000	9.56910955e-001	
7.44000000e+000	9.58110407e-001	
7.47000000e+000	9.59277536e-001	
7.50000000e+000	9.60344640e-001	
7.53000000e+000	9.61411744e-001	
7.56000000e+000	9.62478847e-001	
7.59000000e+000	9.63545951e-001	
7.62000000e+000	9.64572622e-001	
7.65000000e+000	9.65596012e-001	
7.68000000e+000	9.66619401e-001	
7.71000000e+000	9.67642791e-001	
7.74000000e+000	9.68666181e-001	
7.77000000e+000	9.69692963e-001	
7.80000000e+000	9.70722142e-001	
7.83000000e+000	9.71835462e-001	
7.86000000e+000	9.72972090e-001	
7.89000000e+000	9.74108718e-001	
7.92000000e+000	9.75252408e-001	
7.95000000e+000	9.76409899e-001	
7.98000000e+000	9.77567389e-001	
8.01000000e+000	9.78586680e-001	
8.04000000e+000	9.79630680e-001	
8.07000000e+000	9.80679739e-001	
8.10000000e+000	9.81728798e-001	
8.13000000e+000	9.82777857e-001	
8.16000000e+000	9.83826916e-001	
8.19000000e+000	9.84875975e-001	
8.22000000e+000	9.85855462e-001	
8.25000000e+000	9.86689524e-001	
8.28000000e+000	9.87523586e-001	
8.31000000e+000	9.88357648e-001	
8.34000000e+000	9.89191710e-001	
8.37000000e+000	9.90039676e-001	
8.40000000e+000	9.90922528e-001	
8.43000000e+000	9.91805381e-001	
8.46000000e+000	9.92688233e-001	
8.49000000e+000	9.93584456e-001	
8.52000000e+000	9.94504458e-001	
8.55000000e+000	9.95424460e-001	
8.58000000e+000	9.96344462e-001	
8.61000000e+000	9.97264465e-001	
8.64000000e+000	9.98184467e-001	
8.67000000e+000	9.99000729e-001	
8.70000000e+000	9.99811390e-001	
8.73000000e+000	1.00062205e+000	
8.76000000e+000	1.00143271e+000	
8.79000000e+000	1.00224337e+000	
8.82000000e+000	1.00305403e+000	
8.85000000e+000	1.00387022e+000	
8.88000000e+000	1.00468681e+000	
8.91000000e+000	1.00550339e+000	
8.94000000e+000	1.00621104e+000	
8.97000000e+000	1.00688353e+000	
9.00000000e+000	1.00755603e+000	
9.03000000e+000	1.00824540e+000	
9.06000000e+000	1.00897362e+000	
9.09000000e+000	1.00970184e+000	
9.12000000e+000	1.01043006e+000	
9.15000000e+000	1.01115828e+000	
9.18000000e+000	1.01191014e+000	
9.21000000e+000	1.01266933e+000	
9.24000000e+000	1.01333274e+000	
9.27000000e+000	1.01397979e+000	
9.30000000e+000	1.01462684e+000	
9.33000000e+000	1.01527389e+000	
9.36000000e+000	1.01592094e+000	
9.39000000e+000	1.01656799e+000	
9.42000000e+000	1.01723070e+000	
9.45000000e+000	1.01790812e+000	
9.48000000e+000	1.01858554e+000	
9.51000000e+000	1.01926296e+000	
9.54000000e+000	1.01992179e+000	
9.57000000e+000	1.02057528e+000	
9.60000000e+000	1.02122877e+000	
9.63000000e+000	1.02188226e+000	
9.66000000e+000	1.02253575e+000	
9.69000000e+000	1.02318924e+000	
9.72000000e+000	1.02384273e+000	
9.75000000e+000	1.02453567e+000	
9.78000000e+000	1.02519612e+000	
9.81000000e+000	1.02576728e+000	
9.84000000e+000	1.02633031e+000	
9.87000000e+000	1.02689334e+000	
9.90000000e+000	1.02745637e+000	
9.93000000e+000	1.02801940e+000	
9.96000000e+000	1.02858243e+000	
9.99000000e+000	1.02914546e+000	
1.00200000e+001	1.02970849e+000	
1.00500000e+001	1.03027152e+000	
1.00800000e+001	1.03081827e+000	
1.01100000e+001	1.03135324e+000	
1.01400000e+001	1.03189334e+000	
1.01700000e+001	1.03246238e+000	
1.02000000e+001	1.03303142e+000	
1.02300000e+001	1.03360046e+000	
1.02600000e+001	1.03416950e+000	
1.02900000e+001	1.03470374e+000	
1.03200000e+001	1.03514922e+000	
1.03500000e+001	1.03559470e+000	
1.03800000e+001	1.03608518e+000	
1.04100000e+001	1.03662296e+000	
1.04400000e+001	1.03716074e+000	
1.04700000e+001	1.03769852e+000	
1.05000000e+001	1.03823630e+000	
1.05300000e+001	1.03877408e+000	
1.05600000e+001	1.03931186e+000	
1.05900000e+001	1.03985034e+000	
1.06200000e+001	1.04045306e+000	
1.06500000e+001	1.04092853e+000	
1.06800000e+001	1.04133072e+000	
1.07100000e+001	1.04170609e+000	
1.07400000e+001	1.04208145e+000	
1.07700000e+001	1.04245682e+000	
1.08000000e+001	1.04283219e+000	
1.08300000e+001	1.04321167e+000	
1.08600000e+001	1.04361405e+000	
1.08900000e+001	1.04401643e+000	
1.09200000e+001	1.04441881e+000	
1.09500000e+001	1.04482119e+000	
1.09800000e+001	1.04522659e+000	
1.10100000e+001	1.04563468e+000	
1.10400000e+001	1.04604277e+000	
1.10700000e+001	1.04645085e+000	
1.11000000e+001	1.04685894e+000	
1.11300000e+001	1.04726702e+000	
1.11600000e+001	1.04767511e+000	
1.11900000e+001	1.04805764e+000	
1.12200000e+001	1.04842044e+000	
1.12500000e+001	1.04879427e+000	
1.12800000e+001	1.04917054e+000	
1.13100000e+001	1.04954680e+000	
1.13400000e+001	1.04992307e+000	
1.13700000e+001	1.05029934e+000	
1.14000000e+001	1.05067561e+000	
1.14300000e+001	1.05104637e+000	
1.14600000e+001	1.05140895e+000	
1.14900000e+001	1.05177152e+000	
1.15200000e+001	1.05213410e+000	
1.15500000e+001	1.05249899e+000	
1.15800000e+001	1.05286425e+000	
1.16100000e+001	1.05322951e+000	
1.16400000e+001	1.05357767e+000	
1.16700000e+001	1.05389591e+000	
1.17000000e+001	1.05421415e+000	
1.17300000e+001	1.05453238e+000	
1.17600000e+001	1.05485062e+000	
1.17900000e+001	1.05516886e+000	
1.18200000e+001	1.05551940e+000	
1.18500000e+001	1.05580206e+000	
1.18800000e+001	1.05609629e+000	
1.19100000e+001	1.05639052e+000	
1.19400000e+001	1.05668474e+000	
1.19700000e+001	1.05697897e+000	
1.20000000e+001	1.05727660e+000	
1.20300000e+001	1.05758181e+000	
1.20600000e+001	1.05788701e+000	
1.20900000e+001	1.05819222e+000	
1.21200000e+001	1.05849743e+000	
1.21500000e+001	1.05880108e+000	
1.21800000e+001	1.05905730e+000	
1.22100000e+001	1.05930342e+000	
1.22400000e+001	1.05957362e+000	
1.22700000e+001	1.05984381e+000	
1.23000000e+001	1.06011401e+000	
1.23300000e+001	1.06038420e+000	
1.23600000e+001	1.06065440e+000	
1.23900000e+001	1.06091736e+000	
1.24200000e+001	1.06116616e+000	
1.24500000e+001	1.06141496e+000	
1.24800000e+001	1.06166376e+000	
1.25100000e+001	1.06188381e+000	
1.25400000e+001	1.06209514e+000	
1.25700000e+001	1.06230646e+000	
1.26000000e+001	1.06251778e+000	
1.26300000e+001	1.06272911e+000	
1.26600000e+001	1.06294043e+000	
1.26900000e+001	1.06315101e+000	
1.27200000e+001	1.06336073e+000	
1.27500000e+001	1.06357045e+000	
1.27800000e+001	1.06378017e+000	
1.28100000e+001	1.06399026e+000	
1.28400000e+001	1.06420090e+000	
1.28700000e+001	1.06441154e+000	
1.29000000e+001	1.06462218e+000	
1.29300000e+001	1.06482435e+000	
1.29600000e+001	1.06500462e+000	
1.29900000e+001	1.06518489e+000	
1.30200000e+001	1.06536516e+000	
1.30500000e+001	1.06554543e+000	
1.30800000e+001	1.06570471e+000	
1.31100000e+001	1.06586210e+000	
1.31400000e+001	1.06601950e+000	
1.31700000e+001	1.06617690e+000	
1.32000000e+001	1.06633429e+000	
1.32300000e+001	1.06649180e+000	
1.32600000e+001	1.06664977e+000	
1.32900000e+001	1.06680775e+000	
1.33200000e+001	1.06696572e+000	
1.33500000e+001	1.06712369e+000	
1.33800000e+001	1.06728166e+000	
1.34100000e+001	1.06743963e+000	
1.34400000e+001	1.06759760e+000	
1.34700000e+001	1.06775557e+000	
1.35000000e+001	1.06791354e+000	
1.35300000e+001	1.06803887e+000	
1.35600000e+001	1.06816020e+000	
1.35900000e+001	1.06828154e+000	
1.36200000e+001	1.06840287e+000	
1.36500000e+001	1.06852421e+000	
1.36800000e+001	1.06864554e+000	
1.37100000e+001	1.06876687e+000	
1.37400000e+001	1.06888821e+000	
1.37700000e+001	1.06900954e+000	
1.38000000e+001	1.06912587e+000	
1.38300000e+001	1.06921943e+000	
1.38600000e+001	1.06931299e+000	
1.38900000e+001	1.06940655e+000	
1.39200000e+001	1.06950011e+000	
1.39500000e+001	1.06959367e+000	
1.39800000e+001	1.06968873e+000	
1.40100000e+001	1.06979573e+000	
1.40400000e+001	1.06990272e+000	
1.40700000e+001	1.07000101e+000	
1.41000000e+001	1.07007563e+000	
1.41300000e+001	1.07013062e+000	
1.41600000e+001	1.07018560e+000	
1.41900000e+001	1.07024058e+000	
1.42200000e+001	1.07029557e+000	
1.42500000e+001	1.07035055e+000	
1.42800000e+001	1.07040553e+000	
1.43100000e+001	1.07046051e+000	
1.43400000e+001	1.07051855e+000	
1.43700000e+001	1.07059203e+000	
1.44000000e+001	1.07066281e+000	
1.44300000e+001	1.07070258e+000	
1.44600000e+001	1.07075301e+000	
1.44900000e+001	1.07080847e+000	
1.45200000e+001	1.07086394e+000	
1.45500000e+001	1.07091940e+000	
1.45800000e+001	1.07097487e+000	
1.46100000e+001	1.07102757e+000	
1.46400000e+001	1.07106079e+000	
1.46700000e+001	1.07109401e+000	
1.47000000e+001	1.07112723e+000	
1.47300000e+001	1.07116045e+000	
1.47600000e+001	1.07119367e+000	
1.47900000e+001	1.07122689e+000	
1.48200000e+001	1.07124522e+000	
1.48500000e+001	1.07124528e+000	
1.48800000e+001	1.07124534e+000	
1.49100000e+001	1.07124540e+000	
1.49400000e+001	1.07124546e+000	
1.49700000e+001	1.07124552e+000	
1.50000000e+001	1.07124558e+000	
1.50300000e+001	1.07123963e+000	
1.50600000e+001	1.07123170e+000	
1.50900000e+001	1.07122378e+000	
1.51200000e+001	1.07122520e+000	
1.51500000e+001	1.07123181e+000	
1.51800000e+001	1.07123843e+000	
1.52100000e+001	1.07123569e+000	
1.52400000e+001	1.07120660e+000	
1.52700000e+001	1.07117750e+000	
1.53000000e+001	1.07114841e+000	
1.53300000e+001	1.07111931e+000	
1.53600000e+001	1.07109022e+000	
1.53900000e+001	1.07106113e+000	
1.54200000e+001	1.07102621e+000	
1.54500000e+001	1.07097878e+000	
1.54800000e+001	1.07091832e+000	
1.55100000e+001	1.07086145e+000	
1.55400000e+001	1.07080900e+000	
1.55700000e+001	1.07075656e+000	
1.56000000e+001	1.07070411e+000	
1.56300000e+001	1.07065167e+000	
1.56600000e+001	1.07059922e+000	
1.56900000e+001	1.07053934e+000	
1.57200000e+001	1.07047903e+000	
1.57500000e+001	1.07041872e+000	
1.57800000e+001	1.07035842e+000	
1.58100000e+001	1.07029539e+000	
1.58400000e+001	1.07022937e+000	
1.58700000e+001	1.07016186e+000	
1.59000000e+001	1.07007662e+000	
1.59300000e+001	1.06999137e+000	
1.59600000e+001	1.06990613e+000	
1.59900000e+001	1.06982088e+000	
1.60200000e+001	1.06973803e+000	
1.60500000e+001	1.06965533e+000	
1.60800000e+001	1.06957264e+000	
1.61100000e+001	1.06948995e+000	
1.61400000e+001	1.06940137e+000	
1.61700000e+001	1.06930372e+000	
1.62000000e+001	1.06920608e+000	
1.62300000e+001	1.06907791e+000	
1.62600000e+001	1.06894498e+000	
1.62900000e+001	1.06881205e+000	
1.63200000e+001	1.06867911e+000	
1.63500000e+001	1.06854618e+000	
1.63800000e+001	1.06841325e+000	
1.64100000e+001	1.06828290e+000	
1.64400000e+001	1.06815666e+000	
1.64700000e+001	1.06803042e+000	
1.65000000e+001	1.06789982e+000	
1.65300000e+001	1.06776434e+000	
1.65600000e+001	1.06762885e+000	
1.65900000e+001	1.06749336e+000	
1.66200000e+001	1.06735787e+000	
1.66500000e+001	1.06722238e+000	
1.66800000e+001	1.06708689e+000	
1.67100000e+001	1.06694469e+000	
1.67400000e+001	1.06679569e+000	
1.67700000e+001	1.06664670e+000	
1.68000000e+001	1.06649770e+000	
1.68300000e+001	1.06634870e+000	
1.68600000e+001	1.06620031e+000	
1.68900000e+001	1.06605336e+000	
1.69200000e+001	1.06590641e+000	
1.69500000e+001	1.06575945e+000	
1.69800000e+001	1.06561176e+000	
1.70100000e+001	1.06541293e+000	
1.70400000e+001	1.06519362e+000	
1.70700000e+001	1.06495022e+000	
1.71000000e+001	1.06470681e+000	
1.71300000e+001	1.06446340e+000	
1.71600000e+001	1.06422000e+000	
1.71900000e+001	1.06397710e+000	
1.72200000e+001	1.06374888e+000	
1.72500000e+001	1.06352067e+000	
1.72800000e+001	1.06329245e+000	
1.73100000e+001	1.06306424e+000	
1.73400000e+001	1.06283603e+000	
1.73700000e+001	1.06261149e+000	
1.74000000e+001	1.06239458e+000	
1.74300000e+001	1.06219621e+000	
1.74600000e+001	1.06199783e+000	
1.74900000e+001	1.06179946e+000	
1.75200000e+001	1.06160109e+000	
1.75500000e+001	1.06140271e+000	
1.75800000e+001	1.06120434e+000	
1.76100000e+001	1.06100597e+000	
1.76400000e+001	1.06077782e+000	
1.76700000e+001	1.06054008e+000	
1.77000000e+001	1.06029999e+000	
1.77300000e+001	1.06002685e+000	
1.77600000e+001	1.05975371e+000	
1.77900000e+001	1.05948057e+000	
1.78200000e+001	1.05920743e+000	
1.78500000e+001	1.05893430e+000	
1.78800000e+001	1.05866116e+000	
1.79100000e+001	1.05839568e+000	
1.79400000e+001	1.05814362e+000	
1.79700000e+001	1.05789156e+000	
1.80000000e+001	1.05760962e+000	
1.80300000e+001	1.05729276e+000	
1.80600000e+001	1.05697590e+000	
1.80900000e+001	1.05665904e+000	
1.81200000e+001	1.05634218e+000	
1.81500000e+001	1.05602012e+000	
1.81800000e+001	1.05569081e+000	
1.82100000e+001	1.05536151e+000	
1.82400000e+001	1.05503268e+000	
1.82700000e+001	1.05470452e+000	
1.83000000e+001	1.05437868e+000	
1.83300000e+001	1.05405284e+000	
1.83600000e+001	1.05372699e+000	
1.83900000e+001	1.05340115e+000	
1.84200000e+001	1.05307531e+000	
1.84500000e+001	1.05271522e+000	
1.84800000e+001	1.05231183e+000	
1.85100000e+001	1.05190843e+000	
1.85400000e+001	1.05150503e+000	
1.85700000e+001	1.05110163e+000	
1.86000000e+001	1.05070652e+000	
1.86300000e+001	1.05036357e+000	
1.86600000e+001	1.05003072e+000	
1.86900000e+001	1.04969787e+000	
1.87200000e+001	1.04936502e+000	
1.87500000e+001	1.04903217e+000	
1.87800000e+001	1.04869932e+000	
1.88100000e+001	1.04834660e+000	
1.88400000e+001	1.04795508e+000	
1.88700000e+001	1.04756355e+000	
1.89000000e+001	1.04717202e+000	
1.89300000e+001	1.04677985e+000	
1.89600000e+001	1.04638206e+000	
1.89900000e+001	1.04598428e+000	
1.90200000e+001	1.04558649e+000	
1.90500000e+001	1.04516674e+000	
1.90800000e+001	1.04470543e+000	
1.91100000e+001	1.04424412e+000	
1.91400000e+001	1.04378281e+000	
1.91700000e+001	1.04332151e+000	
1.92000000e+001	1.04286020e+000	
1.92300000e+001	1.04241728e+000	
1.92600000e+001	1.04193306e+000	
1.92900000e+001	1.04144582e+000	
1.93200000e+001	1.04095858e+000	
1.93500000e+001	1.04047134e+000	
1.93800000e+001	1.03998410e+000	
1.94100000e+001	1.03949686e+000	
1.94400000e+001	1.03901236e+000	
1.94700000e+001	1.03853223e+000	
1.95000000e+001	1.03805209e+000	
1.95300000e+001	1.03754894e+000	
1.95600000e+001	1.03701466e+000	
1.95900000e+001	1.03648038e+000	
1.96200000e+001	1.03594610e+000	
1.96500000e+001	1.03541182e+000	
1.96800000e+001	1.03487754e+000	
1.97100000e+001	1.03434326e+000	
1.97400000e+001	1.03380898e+000	
1.97700000e+001	1.03327470e+000	
1.98000000e+001	1.03273534e+000	
1.98300000e+001	1.03219573e+000	
1.98600000e+001	1.03165809e+000	
1.98900000e+001	1.03112045e+000	
1.99200000e+001	1.03058281e+000	
1.99500000e+001	1.03004517e+000	
1.99800000e+001	1.02950754e+000	
2.00100000e+001	1.02896990e+000	
2.00400000e+001	1.02843226e+000	
2.00700000e+001	1.02789462e+000	
2.01000000e+001	1.02733853e+000	
2.01300000e+001	1.02675922e+000	
2.01600000e+001	1.02619626e+000	
2.01900000e+001	1.02563331e+000	
2.02200000e+001	1.02507036e+000	
2.02500000e+001	1.02450740e+000	
2.02800000e+001	1.02394445e+000	
2.03100000e+001	1.02338149e+000	
2.03400000e+001	1.02281854e+000	
2.03700000e+001	1.02219817e+000	
2.04000000e+001	1.02157072e+000	
2.04300000e+001	1.02093541e+000	
2.04600000e+001	1.02030011e+000	
2.04900000e+001	1.01966481e+000	
2.05200000e+001	1.01902950e+000	
2.05500000e+001	1.01836177e+000	
2.05800000e+001	1.01763183e+000	
2.06100000e+001	1.01690190e+000	
2.06400000e+001	1.01617197e+000	
2.06700000e+001	1.01544195e+000	
2.07000000e+001	1.01471149e+000	
2.07300000e+001	1.01398103e+000	
2.07600000e+001	1.01332684e+000	
2.07900000e+001	1.01272850e+000	
2.08200000e+001	1.01187763e+000	
2.08500000e+001	1.01101840e+000	
2.08800000e+001	1.01015917e+000	
2.09100000e+001	1.00929994e+000	
2.09400000e+001	1.00844071e+000	
2.09700000e+001	1.00758148e+000	
2.10000000e+001	1.00672226e+000	
2.10300000e+001	1.00596446e+000	
2.10600000e+001	1.00526442e+000	
2.10900000e+001	1.00457798e+000	
2.11200000e+001	1.00389155e+000	
2.11500000e+001	1.00320512e+000	
2.11800000e+001	1.00251869e+000	
2.12100000e+001	1.00183226e+000	
2.12400000e+001	1.00110138e+000	
2.12700000e+001	1.00027517e+000	
2.13000000e+001	9.99462007e-001	
2.13300000e+001	9.98669718e-001	
2.13600000e+001	9.97877430e-001	
2.13900000e+001	9.97085142e-001	
2.14200000e+001	9.96292853e-001	
2.14500000e+001	9.95500565e-001	
2.14800000e+001	9.94585337e-001	
2.15100000e+001	9.93660123e-001	
2.15400000e+001	9.92734908e-001	
2.15700000e+001	9.91809694e-001	
2.16000000e+001	9.90884479e-001	
2.16300000e+001	9.89956594e-001	
2.16600000e+001	9.89028540e-001	
2.16900000e+001	9.88108136e-001	
2.17200000e+001	9.87198422e-001	
2.17500000e+001	9.86288707e-001	
2.17800000e+001	9.85378993e-001	
2.18100000e+001	9.84469279e-001	
2.18400000e+001	9.83559565e-001	
2.18700000e+001	9.82649850e-001	
2.19000000e+001	9.81740136e-001	
2.19300000e+001	9.80770055e-001	
2.19600000e+001	9.79763389e-001	
2.19900000e+001	9.78753039e-001	
2.20200000e+001	9.77742690e-001	
2.20500000e+001	9.76732340e-001	
2.20800000e+001	9.75721991e-001	
2.21100000e+001	9.74711642e-001	
2.21400000e+001	9.73678957e-001	
2.21700000e+001	9.72539465e-001	
2.22000000e+001	9.71414751e-001	
2.22300000e+001	9.70331421e-001	
2.22600000e+001	9.69248091e-001	
2.22900000e+001	9.68164761e-001	
2.23200000e+001	9.67081431e-001	
2.23500000e+001	9.65998101e-001	
2.23800000e+001	9.64914771e-001	
2.24100000e+001	9.63723947e-001	
2.24400000e+001	9.62473991e-001	
2.24700000e+001	9.61266626e-001	
2.25000000e+001	9.60118504e-001	
2.25300000e+001	9.58970382e-001	
2.25600000e+001	9.57822261e-001	
2.25900000e+001	9.56674139e-001	
2.26200000e+001	9.55526017e-001	
2.26500000e+001	9.54392605e-001	
2.26800000e+001	9.53292395e-001	
2.27100000e+001	9.52192186e-001	
2.27400000e+001	9.50888036e-001	
2.27700000e+001	9.49578032e-001	
2.28000000e+001	9.48268029e-001	
2.28300000e+001	9.46958025e-001	
2.28600000e+001	9.45648022e-001	
2.28900000e+001	9.44338018e-001	
2.29200000e+001	9.43183049e-001	
2.29500000e+001	9.42087117e-001	
2.29800000e+001	9.40840490e-001	
2.30100000e+001	9.39481757e-001	
2.30400000e+001	9.37893886e-001	
2.30700000e+001	9.36306015e-001	
2.31000000e+001	9.34718144e-001	
2.31300000e+001	9.33130273e-001	
2.31600000e+001	9.31542402e-001	
2.31900000e+001	9.29973633e-001	
2.32200000e+001	9.28537043e-001	
2.32500000e+001	9.27173509e-001	
2.32800000e+001	9.25820006e-001	
2.33100000e+001	9.24466502e-001	
2.33400000e+001	9.23112999e-001	
2.33700000e+001	9.21759496e-001	
2.34000000e+001	9.20405992e-001	
2.34300000e+001	9.19052489e-001	
2.34600000e+001	9.17660587e-001	
2.34900000e+001	9.16217538e-001	
2.35200000e+001	9.14774489e-001	
2.35500000e+001	9.13331439e-001	
2.35800000e+001	9.11888390e-001	
2.36100000e+001	9.10445341e-001	
2.36400000e+001	9.09002292e-001	
2.36700000e+001	9.07563054e-001	
2.37000000e+001	9.06126225e-001	
2.37300000e+001	9.04534051e-001	
2.37600000e+001	9.02755078e-001	
2.37900000e+001	9.00956933e-001	
2.38200000e+001	8.99158788e-001	
2.38500000e+001	8.97360644e-001	
2.38800000e+001	8.95463743e-001	
2.39100000e+001	8.93555902e-001	
2.39400000e+001	8.91813496e-001	
2.39700000e+001	8.90210991e-001	
2.40000000e+001	8.88359160e-001	
2.40300000e+001	8.86528391e-001	
2.40600000e+001	8.84697623e-001	
2.40900000e+001	8.82866854e-001	
2.41200000e+001	8.81036085e-001	
2.41500000e+001	8.79205317e-001	
2.41800000e+001	8.77417243e-001	
2.42100000e+001	8.75743400e-001	
2.42400000e+001	8.74069558e-001	
2.42700000e+001	8.72248170e-001	
2.43000000e+001	8.70183753e-001	
2.43300000e+001	8.68119337e-001	
2.43600000e+001	8.66054920e-001	
2.43900000e+001	8.63990504e-001	
2.44200000e+001	8.61926087e-001	
2.44500000e+001	8.59887535e-001	
2.44800000e+001	8.57934131e-001	
2.45100000e+001	8.55854010e-001	
2.45400000e+001	8.53761036e-001	
2.45700000e+001	8.51668062e-001	
2.46000000e+001	8.49575088e-001	
2.46300000e+001	8.47482114e-001	
2.46600000e+001	8.45389140e-001	
2.46900000e+001	8.43296166e-001	
2.47200000e+001	8.41203192e-001	
2.47500000e+001	8.39055536e-001	
2.47800000e+001	8.36863503e-001	
2.48100000e+001	8.34672734e-001	
2.48400000e+001	8.32481966e-001	
2.48700000e+001	8.30291197e-001	
2.49000000e+001	8.28100429e-001	
2.49300000e+001	8.25909661e-001	
2.49600000e+001	8.23718892e-001	
2.49900000e+001	8.21576636e-001	
2.50200000e+001	8.19489532e-001	
2.50500000e+001	8.17402428e-001	
2.50800000e+001	8.15315324e-001	
2.51100000e+001	8.13228219e-001	
2.51400000e+001	8.11141115e-001	
2.51700000e+001	8.09054011e-001	
2.52000000e+001	8.06966907e-001	
2.52300000e+001	8.04868275e-001	
2.52600000e+001	8.02752882e-001	
2.52900000e+001	8.00468589e-001	
2.53200000e+001	7.97808767e-001	
2.53500000e+001	7.95148946e-001	
2.53800000e+001	7.92489124e-001	
2.54100000e+001	7.89829303e-001	
2.54400000e+001	7.87169482e-001	
2.54700000e+001	7.84509660e-001	
2.55000000e+001	7.81849839e-001	
2.55300000e+001	7.79190017e-001	
2.55600000e+001	7.76566462e-001	
2.55900000e+001	7.74140719e-001	
2.56200000e+001	7.71759714e-001	
2.56500000e+001	7.69378710e-001	
2.56800000e+001	7.66997706e-001	
2.57100000e+001	7.64616702e-001	
2.57400000e+001	7.62235697e-001	
2.57700000e+001	7.59854693e-001	
2.58000000e+001	7.57473689e-001	
2.58300000e+001	7.55092684e-001	
2.58600000e+001	7.52711680e-001	
2.58900000e+001	7.50282347e-001	
2.59200000e+001	7.47840590e-001	
2.59500000e+001	7.45398834e-001	
2.59800000e+001	7.42957077e-001	
2.60100000e+001	7.40515321e-001	
2.60400000e+001	7.38073564e-001	
2.60700000e+001	7.35631807e-001	
2.61000000e+001	7.33208923e-001	
2.61300000e+001	7.30479777e-001	
2.61600000e+001	7.27741870e-001	
2.61900000e+001	7.25003963e-001	
2.62200000e+001	7.22266057e-001	
2.62500000e+001	7.19528150e-001	
2.62800000e+001	7.16790244e-001	
2.63100000e+001	7.14052337e-001	
2.63400000e+001	7.11094667e-001	
2.63700000e+001	7.08020016e-001	
2.64000000e+001	7.04945365e-001	
2.64300000e+001	7.01870714e-001	
2.64600000e+001	6.98796064e-001	
2.64900000e+001	6.95721413e-001	
2.65200000e+001	6.92646762e-001	
2.65500000e+001	6.89649174e-001	
2.65800000e+001	6.87038124e-001	
2.66100000e+001	6.84227036e-001	
2.66400000e+001	6.81387134e-001	
2.66700000e+001	6.78547232e-001	
2.67000000e+001	6.75707330e-001	
2.67300000e+001	6.72867428e-001	
2.67600000e+001	6.70027526e-001	
2.67900000e+001	6.67203528e-001	
2.68200000e+001	6.64864885e-001	
2.68500000e+001	6.62560931e-001	
2.68800000e+001	6.60256978e-001	
2.69100000e+001	6.57690060e-001	
2.69400000e+001	6.55138986e-001	
2.69700000e+001	6.52673182e-001	
2.70000000e+001	6.50207373e-001	
2.70300000e+001	6.47310314e-001	
2.70600000e+001	6.44413263e-001	
2.70900000e+001	6.41516213e-001	
2.71200000e+001	6.38619162e-001	
2.71500000e+001	6.35722112e-001	
2.71800000e+001	6.33221335e-001	
2.72100000e+001	6.30759584e-001	
2.72400000e+001	6.28297833e-001	
2.72700000e+001	6.25808050e-001	
2.73000000e+001	6.23058161e-001	
2.73300000e+001	6.20263218e-001	
2.73600000e+001	6.17439896e-001	
2.73900000e+001	6.14616573e-001	
2.74200000e+001	6.11969902e-001	
2.74500000e+001	6.09378862e-001	
2.74800000e+001	6.06787823e-001	
2.75100000e+001	6.04155526e-001	
2.75400000e+001	6.01295653e-001	
2.75700000e+001	5.98389516e-001	
2.76000000e+001	5.95326089e-001	
2.76300000e+001	5.92487753e-001	
2.76600000e+001	5.89784848e-001	
2.76900000e+001	5.87081944e-001	
2.77200000e+001	5.84304439e-001	
2.77500000e+001	5.81499868e-001	
2.77800000e+001	5.78695296e-001	
2.78100000e+001	5.76233095e-001	
2.78400000e+001	5.73774973e-001	
2.78700000e+001	5.71316851e-001	
2.79000000e+001	5.68858729e-001	
2.79300000e+001	5.66164638e-001	
2.79600000e+001	5.63572842e-001	
2.79900000e+001	5.61064161e-001	
2.80200000e+001	5.58555481e-001	
2.80500000e+001	5.56046800e-001	
2.80800000e+001	5.53627296e-001	
2.81100000e+001	5.51258634e-001	
2.81400000e+001	5.48889971e-001	
2.81700000e+001	5.46534694e-001	
2.82000000e+001	5.44192775e-001	
2.82300000e+001	5.41850857e-001	
2.82600000e+001	5.39508938e-001	
2.82900000e+001	5.36988984e-001	
2.83200000e+001	5.34267721e-001	
2.83500000e+001	5.31488432e-001	
2.83800000e+001	5.28704539e-001	
2.84100000e+001	5.25920647e-001	
2.84400000e+001	5.23479683e-001	
2.84700000e+001	5.21061549e-001	
2.85000000e+001	5.18535391e-001	
2.85300000e+001	5.15973231e-001	
2.85600000e+001	5.13411071e-001	
2.85900000e+001	5.11248790e-001	
2.86200000e+001	5.09086975e-001	
2.86500000e+001	5.06925161e-001	
2.86800000e+001	5.04763346e-001	
2.87100000e+001	5.02462383e-001	
2.87400000e+001	4.99988228e-001	
2.87700000e+001	4.97514073e-001	
2.88000000e+001	4.95039918e-001	
2.88300000e+001	4.92654518e-001	
2.88600000e+001	4.90371337e-001	
2.88900000e+001	4.88088156e-001	
2.89200000e+001	4.85804975e-001	
2.89500000e+001	4.83675316e-001	
2.89800000e+001	4.81533108e-001	
2.90100000e+001	4.79431482e-001	
2.90400000e+001	4.77329856e-001	
2.90700000e+001	4.75228230e-001	
2.91000000e+001	4.73126604e-001	
2.91300000e+001	4.71072229e-001	
2.91600000e+001	4.69131964e-001	
2.91900000e+001	4.67191700e-001	
2.92200000e+001	4.65251435e-001	
2.92500000e+001	4.63311170e-001	
2.92800000e+001	4.61370905e-001	
2.93100000e+001	4.59394586e-001	
2.93400000e+001	4.57443135e-001	
2.93700000e+001	4.55571658e-001	
2.94000000e+001	4.53698568e-001	
2.94300000e+001	4.51748465e-001	
2.94600000e+001	4.49798362e-001	
2.94900000e+001	4.47904446e-001	
2.95200000e+001	4.46105358e-001	
2.95500000e+001	4.44306269e-001	
2.95800000e+001	4.42483943e-001	
2.96100000e+001	4.40623815e-001	
2.96400000e+001	4.38810625e-001	
2.96700000e+001	4.36936468e-001	
2.97000000e+001	4.35062311e-001	
2.97300000e+001	4.33188154e-001	
2.97600000e+001	4.31327560e-001	
2.97900000e+001	4.29524399e-001	
2.98200000e+001	4.27721238e-001	
2.98500000e+001	4.25918077e-001	
2.98800000e+001	4.24114916e-001	
2.99100000e+001	4.22430449e-001	
2.99400000e+001	4.20759065e-001	
2.99700000e+001	4.19087681e-001	
3.00000000e+001	4.17416297e-001	
