% Column 0: Length, mm
% Column 1: B.n, Tesla
0.00000000e+000	-3.19016600e-004	
4.00000000e-002	-6.71920384e-004	
8.00000000e-002	-1.37998674e-003	
1.20000000e-001	-2.14555515e-003	
1.60000000e-001	-2.79533519e-003	
2.00000000e-001	-3.40895812e-003	
2.40000000e-001	-4.02896051e-003	
2.80000000e-001	-4.71267495e-003	
3.20000000e-001	-5.41957699e-003	
3.60000000e-001	-6.13364028e-003	
4.00000000e-001	-6.80656694e-003	
4.40000000e-001	-7.44738781e-003	
4.80000000e-001	-8.10394757e-003	
5.20000000e-001	-8.77004994e-003	
5.60000000e-001	-9.44662413e-003	
6.00000000e-001	-1.01231983e-002	
6.40000000e-001	-1.09063782e-002	
6.80000000e-001	-1.16881287e-002	
7.20000000e-001	-1.24200614e-002	
7.60000000e-001	-1.31217643e-002	
8.00000000e-001	-1.38160184e-002	
8.40000000e-001	-1.45072441e-002	
8.80000000e-001	-1.51939015e-002	
9.20000000e-001	-1.59294661e-002	
9.60000000e-001	-1.66650306e-002	
1.00000000e+000	-1.73997333e-002	
1.04000000e+000	-1.80613919e-002	
1.08000000e+000	-1.87140030e-002	
1.12000000e+000	-1.93671353e-002	
1.16000000e+000	-2.00169626e-002	
1.20000000e+000	-2.06571948e-002	
1.24000000e+000	-2.12974271e-002	
1.28000000e+000	-2.19381406e-002	
1.32000000e+000	-2.26062805e-002	
1.36000000e+000	-2.34707599e-002	
1.40000000e+000	-2.43693396e-002	
1.44000000e+000	-2.52196261e-002	
1.48000000e+000	-2.59309277e-002	
1.52000000e+000	-2.65996222e-002	
1.56000000e+000	-2.72409091e-002	
1.60000000e+000	-2.78596690e-002	
1.64000000e+000	-2.84497170e-002	
1.68000000e+000	-2.90421238e-002	
1.72000000e+000	-2.96923406e-002	
1.76000000e+000	-3.04249454e-002	
1.80000000e+000	-3.12060991e-002	
1.84000000e+000	-3.19891668e-002	
1.88000000e+000	-3.27453955e-002	
1.92000000e+000	-3.34706997e-002	
1.96000000e+000	-3.41960039e-002	
2.00000000e+000	-3.49213082e-002	
2.04000000e+000	-3.57136583e-002	
2.08000000e+000	-3.65060093e-002	
2.12000000e+000	-3.72780667e-002	
2.16000000e+000	-3.80130650e-002	
2.20000000e+000	-3.87480634e-002	
2.24000000e+000	-3.94268804e-002	
2.28000000e+000	-4.00946274e-002	
2.32000000e+000	-4.07623745e-002	
2.36000000e+000	-4.14413165e-002	
2.40000000e+000	-4.21989026e-002	
2.44000000e+000	-4.29557187e-002	
2.48000000e+000	-4.37125348e-002	
2.52000000e+000	-4.44509392e-002	
2.56000000e+000	-4.51928706e-002	
2.60000000e+000	-4.59462186e-002	
2.64000000e+000	-4.66534809e-002	
2.68000000e+000	-4.73607431e-002	
2.72000000e+000	-4.80689918e-002	
2.76000000e+000	-4.87777451e-002	
2.80000000e+000	-4.95033402e-002	
2.84000000e+000	-5.03055206e-002	
2.88000000e+000	-5.11488087e-002	
2.92000000e+000	-5.19920967e-002	
2.96000000e+000	-5.27526248e-002	
3.00000000e+000	-5.34247542e-002	
3.04000000e+000	-5.40968836e-002	
3.08000000e+000	-5.47690130e-002	
3.12000000e+000	-5.54428808e-002	
3.16000000e+000	-5.62020347e-002	
3.20000000e+000	-5.71551629e-002	
3.24000000e+000	-5.80711323e-002	
3.28000000e+000	-5.89871017e-002	
3.32000000e+000	-5.96292197e-002	
3.36000000e+000	-6.03559391e-002	
3.40000000e+000	-6.11479390e-002	
3.44000000e+000	-6.19399390e-002	
3.48000000e+000	-6.27319390e-002	
3.52000000e+000	-6.34063040e-002	
3.56000000e+000	-6.40767684e-002	
3.60000000e+000	-6.47472327e-002	
3.64000000e+000	-6.54225308e-002	
3.68000000e+000	-6.61817247e-002	
3.72000000e+000	-6.69409185e-002	
3.76000000e+000	-6.78535552e-002	
3.80000000e+000	-6.87535686e-002	
3.84000000e+000	-6.95665674e-002	
3.88000000e+000	-7.03776188e-002	
3.92000000e+000	-7.11217200e-002	
3.96000000e+000	-7.18392958e-002	
4.00000000e+000	-7.25481721e-002	
4.04000000e+000	-7.32930478e-002	
4.08000000e+000	-7.40386133e-002	
4.12000000e+000	-7.49201076e-002	
4.16000000e+000	-7.59015142e-002	
4.20000000e+000	-7.68829209e-002	
4.24000000e+000	-7.77110021e-002	
4.28000000e+000	-7.83643915e-002	
4.32000000e+000	-7.90177809e-002	
4.36000000e+000	-7.96711703e-002	
4.40000000e+000	-8.03245597e-002	
4.44000000e+000	-8.09779491e-002	
4.48000000e+000	-8.19375558e-002	
4.52000000e+000	-8.29396078e-002	
4.56000000e+000	-8.39371068e-002	
4.60000000e+000	-8.48293318e-002	
4.64000000e+000	-8.56677044e-002	
4.68000000e+000	-8.65060770e-002	
4.72000000e+000	-8.73092148e-002	
4.76000000e+000	-8.80949269e-002	
4.80000000e+000	-8.88818072e-002	
4.84000000e+000	-8.97280581e-002	
4.88000000e+000	-9.05743089e-002	
4.92000000e+000	-9.14188239e-002	
4.96000000e+000	-9.21003258e-002	
5.00000000e+000	-9.27874903e-002	
5.04000000e+000	-9.34746547e-002	
5.08000000e+000	-9.41618191e-002	
5.12000000e+000	-9.50222778e-002	
5.16000000e+000	-9.59253661e-002	
5.20000000e+000	-9.68659101e-002	
5.24000000e+000	-9.78735358e-002	
5.28000000e+000	-9.87794845e-002	
5.32000000e+000	-9.95907321e-002	
5.36000000e+000	-1.00401980e-001	
5.40000000e+000	-1.01222707e-001	
5.44000000e+000	-1.02072160e-001	
5.48000000e+000	-1.02951697e-001	
5.52000000e+000	-1.03821371e-001	
5.56000000e+000	-1.04612183e-001	
5.60000000e+000	-1.05438729e-001	
5.64000000e+000	-1.06290896e-001	
5.68000000e+000	-1.07088410e-001	
5.72000000e+000	-1.07880097e-001	
5.76000000e+000	-1.08697236e-001	
5.80000000e+000	-1.09526284e-001	
5.84000000e+000	-1.10446739e-001	
5.88000000e+000	-1.11413843e-001	
5.92000000e+000	-1.12385042e-001	
5.96000000e+000	-1.13356240e-001	
6.00000000e+000	-1.14174035e-001	
6.04000000e+000	-1.14882584e-001	
6.08000000e+000	-1.15591133e-001	
6.12000000e+000	-1.16394684e-001	
6.16000000e+000	-1.17393585e-001	
6.20000000e+000	-1.18392485e-001	
6.24000000e+000	-1.19349677e-001	
6.28000000e+000	-1.20094326e-001	
6.32000000e+000	-1.20853651e-001	
6.36000000e+000	-1.21612976e-001	
6.40000000e+000	-1.22372301e-001	
6.44000000e+000	-1.23118452e-001	
6.48000000e+000	-1.23993447e-001	
6.52000000e+000	-1.24887148e-001	
6.56000000e+000	-1.25752810e-001	
6.60000000e+000	-1.26570170e-001	
6.64000000e+000	-1.27381325e-001	
6.68000000e+000	-1.28224214e-001	
6.72000000e+000	-1.29110759e-001	
6.76000000e+000	-1.29997304e-001	
6.80000000e+000	-1.30832344e-001	
6.84000000e+000	-1.31638492e-001	
6.88000000e+000	-1.32468509e-001	
6.92000000e+000	-1.33298525e-001	
6.96000000e+000	-1.34129616e-001	
7.00000000e+000	-1.34980034e-001	
7.04000000e+000	-1.35830452e-001	
7.08000000e+000	-1.36680870e-001	
7.12000000e+000	-1.37558160e-001	
7.16000000e+000	-1.38455409e-001	
7.20000000e+000	-1.39277651e-001	
7.24000000e+000	-1.40099892e-001	
7.28000000e+000	-1.40922134e-001	
7.32000000e+000	-1.41736731e-001	
7.36000000e+000	-1.42535765e-001	
7.40000000e+000	-1.43290937e-001	
7.44000000e+000	-1.44046109e-001	
7.48000000e+000	-1.44803304e-001	
7.52000000e+000	-1.45634346e-001	
7.56000000e+000	-1.46492244e-001	
7.60000000e+000	-1.47350142e-001	
7.64000000e+000	-1.48208040e-001	
7.68000000e+000	-1.49034237e-001	
7.72000000e+000	-1.49799329e-001	
7.76000000e+000	-1.50540072e-001	
7.80000000e+000	-1.51286279e-001	
7.84000000e+000	-1.52042990e-001	
7.88000000e+000	-1.52378872e-001	
7.92000000e+000	-1.52645343e-001	
7.96000000e+000	-1.52900653e-001	
8.00000000e+000	1.07281213e+000	
8.04000000e+000	1.07249550e+000	
8.08000000e+000	1.07217888e+000	
8.12000000e+000	1.07189059e+000	
8.16000000e+000	1.07163341e+000	
8.20000000e+000	1.07118895e+000	
8.24000000e+000	1.07041304e+000	
8.28000000e+000	1.06963686e+000	
8.32000000e+000	1.06886018e+000	
8.36000000e+000	1.06808351e+000	
8.40000000e+000	1.06750126e+000	
8.44000000e+000	1.06692438e+000	
8.48000000e+000	1.06634750e+000	
8.52000000e+000	1.06577061e+000	
8.56000000e+000	1.06516005e+000	
8.60000000e+000	1.06447128e+000	
8.64000000e+000	1.06366041e+000	
8.68000000e+000	1.06283834e+000	
8.72000000e+000	1.06201627e+000	
8.76000000e+000	1.06124429e+000	
8.80000000e+000	1.06063241e+000	
8.84000000e+000	1.05996304e+000	
8.88000000e+000	1.05923535e+000	
8.92000000e+000	1.05850767e+000	
8.96000000e+000	1.05776353e+000	
9.00000000e+000	1.05703137e+000	
9.04000000e+000	1.05629920e+000	
9.08000000e+000	1.05556703e+000	
9.12000000e+000	1.05483486e+000	
9.16000000e+000	1.05433445e+000	
9.20000000e+000	1.05386027e+000	
9.24000000e+000	1.05335483e+000	
9.28000000e+000	1.05284939e+000	
9.32000000e+000	1.05229068e+000	
9.36000000e+000	1.05159420e+000	
9.40000000e+000	1.05089771e+000	
9.44000000e+000	1.05020123e+000	
9.48000000e+000	1.04945516e+000	
9.52000000e+000	1.04894537e+000	
9.56000000e+000	1.04851524e+000	
9.60000000e+000	1.04808511e+000	
9.64000000e+000	1.04764735e+000	
9.68000000e+000	1.04720279e+000	
9.72000000e+000	1.04673092e+000	
9.76000000e+000	1.04625905e+000	
9.80000000e+000	1.04576192e+000	
9.84000000e+000	1.04512978e+000	
9.88000000e+000	1.04449763e+000	
9.92000000e+000	1.04386549e+000	
9.96000000e+000	1.04323335e+000	
1.00000000e+001	1.04283593e+000	
1.00400000e+001	1.04245830e+000	
1.00800000e+001	1.04208066e+000	
1.01200000e+001	1.04170303e+000	
1.01600000e+001	1.04132540e+000	
1.02000000e+001	1.04094777e+000	
1.02400000e+001	1.04048635e+000	
1.02800000e+001	1.04001582e+000	
1.03200000e+001	1.03947204e+000	
1.03600000e+001	1.03891599e+000	
1.04000000e+001	1.03842047e+000	
1.04400000e+001	1.03794218e+000	
1.04800000e+001	1.03746390e+000	
1.05200000e+001	1.03722402e+000	
1.05600000e+001	1.03701754e+000	
1.06000000e+001	1.03681106e+000	
1.06400000e+001	1.03660458e+000	
1.06800000e+001	1.03643827e+000	
1.07200000e+001	1.03601230e+000	
1.07600000e+001	1.03557154e+000	
1.08000000e+001	1.03513078e+000	
1.08400000e+001	1.03467992e+000	
1.08800000e+001	1.03421362e+000	
1.09200000e+001	1.03377491e+000	
1.09600000e+001	1.03356542e+000	
1.10000000e+001	1.03336025e+000	
1.10400000e+001	1.03316500e+000	
1.10800000e+001	1.03297484e+000	
1.11200000e+001	1.03278467e+000	
1.11600000e+001	1.03256087e+000	
1.12000000e+001	1.03230257e+000	
1.12400000e+001	1.03204428e+000	
1.12800000e+001	1.03178599e+000	
1.13200000e+001	1.03152769e+000	
1.13600000e+001	1.03130538e+000	
1.14000000e+001	1.03111783e+000	
1.14400000e+001	1.03113150e+000	
1.14800000e+001	1.03114517e+000	
1.15200000e+001	1.03115884e+000	
1.15600000e+001	1.03117252e+000	
1.16000000e+001	1.03112654e+000	
1.16400000e+001	1.03094724e+000	
1.16800000e+001	1.03067035e+000	
1.17200000e+001	1.03032198e+000	
1.17600000e+001	1.02992604e+000	
1.18000000e+001	1.02968160e+000	
1.18400000e+001	1.02953380e+000	
1.18800000e+001	1.02939460e+000	
1.19200000e+001	1.02925546e+000	
1.19600000e+001	1.02923672e+000	
1.20000000e+001	1.02935994e+000	
1.20400000e+001	1.02948316e+000	
1.20800000e+001	1.02960637e+000	
1.21200000e+001	1.02972959e+000	
1.21600000e+001	1.02980359e+000	
1.22000000e+001	1.02985396e+000	
1.22400000e+001	1.02966482e+000	
1.22800000e+001	1.02957454e+000	
1.23200000e+001	1.02941042e+000	
1.23600000e+001	1.02920293e+000	
1.24000000e+001	1.02899545e+000	
1.24400000e+001	1.02910306e+000	
1.24800000e+001	1.02930251e+000	
1.25200000e+001	1.02960538e+000	
1.25600000e+001	1.02992364e+000	
1.26000000e+001	1.03024190e+000	
1.26400000e+001	1.03025557e+000	
1.26800000e+001	1.03015094e+000	
1.27200000e+001	1.03004632e+000	
1.27600000e+001	1.02994169e+000	
1.28000000e+001	1.02993207e+000	
1.28400000e+001	1.03011876e+000	
1.28800000e+001	1.03030544e+000	
1.29200000e+001	1.03048834e+000	
1.29600000e+001	1.03057922e+000	
1.30000000e+001	1.03100563e+000	
1.30400000e+001	1.03131405e+000	
1.30800000e+001	1.03151665e+000	
1.31200000e+001	1.03171926e+000	
1.31600000e+001	1.03195984e+000	
1.32000000e+001	1.03219645e+000	
1.32400000e+001	1.03233656e+000	
1.32800000e+001	1.03247667e+000	
1.33200000e+001	1.03264874e+000	
1.33600000e+001	1.03285419e+000	
1.34000000e+001	1.03305963e+000	
1.34400000e+001	1.03331308e+000	
1.34800000e+001	1.03357776e+000	
1.35200000e+001	1.03384244e+000	
1.35600000e+001	1.03410584e+000	
1.36000000e+001	1.03436910e+000	
1.36400000e+001	1.03466511e+000	
1.36800000e+001	1.03498426e+000	
1.37200000e+001	1.03530264e+000	
1.37600000e+001	1.03561715e+000	
1.38000000e+001	1.03593167e+000	
1.38400000e+001	1.03623679e+000	
1.38800000e+001	1.03652844e+000	
1.39200000e+001	1.03692078e+000	
1.39600000e+001	1.03740392e+000	
1.40000000e+001	1.03783686e+000	
1.40400000e+001	1.03822334e+000	
1.40800000e+001	1.03860983e+000	
1.41200000e+001	1.03904563e+000	
1.41600000e+001	1.03948502e+000	
1.42000000e+001	1.03992440e+000	
1.42400000e+001	1.04036378e+000	
1.42800000e+001	1.04080316e+000	
1.43200000e+001	1.04123341e+000	
1.43600000e+001	1.04164305e+000	
1.44000000e+001	1.04205270e+000	
1.44400000e+001	1.04246235e+000	
1.44800000e+001	1.04287200e+000	
1.45200000e+001	1.04330938e+000	
1.45600000e+001	1.04382963e+000	
1.46000000e+001	1.04434988e+000	
1.46400000e+001	1.04479705e+000	
1.46800000e+001	1.04521487e+000	
1.47200000e+001	1.04563268e+000	
1.47600000e+001	1.04612332e+000	
1.48000000e+001	1.04664785e+000	
1.48400000e+001	1.04717237e+000	
1.48800000e+001	1.04771665e+000	
1.49200000e+001	1.04831156e+000	
1.49600000e+001	1.04889881e+000	
1.50000000e+001	1.04942507e+000	
1.50400000e+001	1.04995133e+000	
1.50800000e+001	1.05047759e+000	
1.51200000e+001	1.05100385e+000	
1.51600000e+001	1.05149834e+000	
1.52000000e+001	1.05198406e+000	
1.52400000e+001	1.05256584e+000	
1.52800000e+001	1.05315812e+000	
1.53200000e+001	1.05375040e+000	
1.53600000e+001	1.05434268e+000	
1.54000000e+001	1.05493225e+000	
1.54400000e+001	1.05556855e+000	
1.54800000e+001	1.05621795e+000	
1.55200000e+001	1.05686735e+000	
1.55600000e+001	1.05751675e+000	
1.56000000e+001	1.05817996e+000	
1.56400000e+001	1.05884754e+000	
1.56800000e+001	1.05946654e+000	
1.57200000e+001	1.06004862e+000	
1.57600000e+001	1.06054230e+000	
1.58000000e+001	1.06069238e+000	
1.58400000e+001	1.06084417e+000	
1.58800000e+001	1.06099651e+000	
1.59200000e+001	1.06114885e+000	
1.59600000e+001	1.06130119e+000	
1.60000000e+001	1.06145353e+000	
1.60400000e+001	-1.64010082e-001	
1.60800000e+001	-1.63811692e-001	
1.61200000e+001	-1.63613302e-001	
1.61600000e+001	-1.63481894e-001	
1.62000000e+001	-1.63006149e-001	
1.62400000e+001	-1.62302196e-001	
1.62800000e+001	-1.61559229e-001	
1.63200000e+001	-1.60759525e-001	
1.63600000e+001	-1.59942051e-001	
1.64000000e+001	-1.59137724e-001	
1.64400000e+001	-1.58477931e-001	
1.64800000e+001	-1.57835251e-001	
1.65200000e+001	-1.57192572e-001	
1.65600000e+001	-1.56555064e-001	
1.66000000e+001	-1.55925318e-001	
1.66400000e+001	-1.55295573e-001	
1.66800000e+001	-1.54661790e-001	
1.67200000e+001	-1.54020259e-001	
1.67600000e+001	-1.53377775e-001	
1.68000000e+001	-1.52735292e-001	
1.68400000e+001	-1.51981130e-001	
1.68800000e+001	-1.51146419e-001	
1.69200000e+001	-1.50311708e-001	
1.69600000e+001	-1.49592748e-001	
1.70000000e+001	-1.48903458e-001	
1.70400000e+001	-1.48293560e-001	
1.70800000e+001	-1.47603548e-001	
1.71200000e+001	-1.46902222e-001	
1.71600000e+001	-1.46252499e-001	
1.72000000e+001	-1.45648398e-001	
1.72400000e+001	-1.45045273e-001	
1.72800000e+001	-1.44445453e-001	
1.73200000e+001	-1.43702394e-001	
1.73600000e+001	-1.42956285e-001	
1.74000000e+001	-1.42214889e-001	
1.74400000e+001	-1.41473747e-001	
1.74800000e+001	-1.40732438e-001	
1.75200000e+001	-1.39920330e-001	
1.75600000e+001	-1.39089808e-001	
1.76000000e+001	-1.38349944e-001	
1.76400000e+001	-1.37739645e-001	
1.76800000e+001	-1.37146489e-001	
1.77200000e+001	-1.36548081e-001	
1.77600000e+001	-1.35859649e-001	
1.78000000e+001	-1.35171217e-001	
1.78400000e+001	-1.34458278e-001	
1.78800000e+001	-1.33744623e-001	
1.79200000e+001	-1.33020693e-001	
1.79600000e+001	-1.32276273e-001	
1.80000000e+001	-1.31653759e-001	
1.80400000e+001	-1.31031244e-001	
1.80800000e+001	-1.30408730e-001	
1.81200000e+001	-1.29786215e-001	
1.81600000e+001	-1.29079989e-001	
1.82000000e+001	-1.28316464e-001	
1.82400000e+001	-1.27552939e-001	
1.82800000e+001	-1.26808370e-001	
1.83200000e+001	-1.26069670e-001	
1.83600000e+001	-1.25320576e-001	
1.84000000e+001	-1.24571482e-001	
1.84400000e+001	-1.23860682e-001	
1.84800000e+001	-1.23152051e-001	
1.85200000e+001	-1.22443420e-001	
1.85600000e+001	-1.21758620e-001	
1.86000000e+001	-1.21179082e-001	
1.86400000e+001	-1.20600422e-001	
1.86800000e+001	-1.20021762e-001	
1.87200000e+001	-1.19443102e-001	
1.87600000e+001	-1.18814835e-001	
1.88000000e+001	-1.18079918e-001	
1.88400000e+001	-1.17340990e-001	
1.88800000e+001	-1.16602062e-001	
1.89200000e+001	-1.15916112e-001	
1.89600000e+001	-1.15240939e-001	
1.90000000e+001	-1.14565345e-001	
1.90400000e+001	-1.13889752e-001	
1.90800000e+001	-1.13236113e-001	
1.91200000e+001	-1.12608396e-001	
1.91600000e+001	-1.11980679e-001	
1.92000000e+001	-1.11352961e-001	
1.92400000e+001	-1.10725244e-001	
1.92800000e+001	-1.10056933e-001	
1.93200000e+001	-1.09387404e-001	
1.93600000e+001	-1.08722135e-001	
1.94000000e+001	-1.08056865e-001	
1.94400000e+001	-1.07343426e-001	
1.94800000e+001	-1.06789566e-001	
1.95200000e+001	-1.06233950e-001	
1.95600000e+001	-1.05678333e-001	
1.96000000e+001	-1.05122717e-001	
1.96400000e+001	-1.04423695e-001	
1.96800000e+001	-1.03705235e-001	
1.97200000e+001	-1.02986774e-001	
1.97600000e+001	-1.02388440e-001	
1.98000000e+001	-1.01851549e-001	
1.98400000e+001	-1.01314658e-001	
1.98800000e+001	-1.00777767e-001	
1.99200000e+001	-1.00190810e-001	
1.99600000e+001	-9.95582502e-002	
2.00000000e+001	-9.89248883e-002	
2.00400000e+001	-9.82909782e-002	
2.00800000e+001	-9.76564743e-002	
2.01200000e+001	-9.70801960e-002	
2.01600000e+001	-9.65196916e-002	
2.02000000e+001	-9.59387040e-002	
2.02400000e+001	-9.53478469e-002	
2.02800000e+001	-9.47381812e-002	
2.03200000e+001	-9.41117519e-002	
2.03600000e+001	-9.35137179e-002	
2.04000000e+001	-9.29875591e-002	
2.04400000e+001	-9.24614003e-002	
2.04800000e+001	-9.19437375e-002	
2.05200000e+001	-9.14146787e-002	
2.05600000e+001	-9.08506913e-002	
2.06000000e+001	-9.02867039e-002	
2.06400000e+001	-8.97513676e-002	
2.06800000e+001	-8.92330955e-002	
2.07200000e+001	-8.87227416e-002	
2.07600000e+001	-8.81366648e-002	
2.08000000e+001	-8.75274817e-002	
2.08400000e+001	-8.69182987e-002	
2.08800000e+001	-8.63091157e-002	
2.09200000e+001	-8.57386808e-002	
2.09600000e+001	-8.51683292e-002	
2.10000000e+001	-8.46311396e-002	
2.10400000e+001	-8.41481112e-002	
2.10800000e+001	-8.36911719e-002	
2.11200000e+001	-8.32354694e-002	
2.11600000e+001	-8.27797669e-002	
2.12000000e+001	-8.22997654e-002	
2.12400000e+001	-8.18090977e-002	
2.12800000e+001	-8.13230882e-002	
2.13200000e+001	-8.08371904e-002	
2.13600000e+001	-8.03512925e-002	
2.14000000e+001	-7.98281681e-002	
2.14400000e+001	-7.93568184e-002	
2.14800000e+001	-7.88155895e-002	
2.15200000e+001	-7.82678265e-002	
2.15600000e+001	-7.77200635e-002	
2.16000000e+001	-7.71375445e-002	
2.16400000e+001	-7.65918394e-002	
2.16800000e+001	-7.61601338e-002	
2.17200000e+001	-7.57397688e-002	
2.17600000e+001	-7.53245367e-002	
2.18000000e+001	-7.48988332e-002	
2.18400000e+001	-7.44681988e-002	
2.18800000e+001	-7.40581739e-002	
2.19200000e+001	-7.35537246e-002	
2.19600000e+001	-7.30999548e-002	
2.20000000e+001	-7.26664933e-002	
2.20400000e+001	-7.21752917e-002	
2.20800000e+001	-7.16752080e-002	
2.21200000e+001	-7.11689798e-002	
2.21600000e+001	-7.06613097e-002	
2.22000000e+001	-7.01536395e-002	
2.22400000e+001	-6.97232644e-002	
2.22800000e+001	-6.93256701e-002	
2.23200000e+001	-6.89280758e-002	
2.23600000e+001	-6.85245409e-002	
2.24000000e+001	-6.81095439e-002	
2.24400000e+001	-6.76945468e-002	
2.24800000e+001	-6.72566650e-002	
2.25200000e+001	-6.68003318e-002	
2.25600000e+001	-6.63467828e-002	
2.26000000e+001	-6.59026708e-002	
2.26400000e+001	-6.54600932e-002	
2.26800000e+001	-6.50333442e-002	
2.27200000e+001	-6.46183809e-002	
2.27600000e+001	-6.42126544e-002	
2.28000000e+001	-6.38324627e-002	
2.28400000e+001	-6.34739385e-002	
2.28800000e+001	-6.31028289e-002	
2.29200000e+001	-6.26844129e-002	
2.29600000e+001	-6.23001302e-002	
2.30000000e+001	-6.19158474e-002	
2.30400000e+001	-6.15497899e-002	
2.30800000e+001	-6.11081805e-002	
2.31200000e+001	-6.06361892e-002	
2.31600000e+001	-6.01718073e-002	
2.32000000e+001	-5.97601101e-002	
2.32400000e+001	-5.93842343e-002	
2.32800000e+001	-5.90178331e-002	
2.33200000e+001	-5.87217994e-002	
2.33600000e+001	-5.84257656e-002	
2.34000000e+001	-5.81159839e-002	
2.34400000e+001	-5.77906030e-002	
2.34800000e+001	-5.73805402e-002	
2.35200000e+001	-5.69775478e-002	
2.35600000e+001	-5.65752690e-002	
2.36000000e+001	-5.61569836e-002	
2.36400000e+001	-5.58212242e-002	
2.36800000e+001	-5.54813761e-002	
2.37200000e+001	-5.51214056e-002	
2.37600000e+001	-5.47308106e-002	
2.38000000e+001	-5.43340606e-002	
2.38400000e+001	-5.39459574e-002	
2.38800000e+001	-5.36235731e-002	
2.39200000e+001	-5.32977139e-002	
2.39600000e+001	-5.29635142e-002	
2.40000000e+001	-5.26293145e-002	
2.40400000e+001	-5.23071056e-002	
2.40800000e+001	-5.19848966e-002	
2.41200000e+001	-5.16626877e-002	
2.41600000e+001	-5.13437173e-002	
2.42000000e+001	-5.10654851e-002	
2.42400000e+001	-5.07163665e-002	
2.42800000e+001	-5.04130648e-002	
2.43200000e+001	-5.01097632e-002	
2.43600000e+001	-4.98064615e-002	
2.44000000e+001	-4.95031599e-002	
2.44400000e+001	-4.91861039e-002	
2.44800000e+001	-4.88568308e-002	
2.45200000e+001	-4.85138250e-002	
2.45600000e+001	-4.81411919e-002	
2.46000000e+001	-4.77698912e-002	
2.46400000e+001	-4.74221956e-002	
2.46800000e+001	-4.70843130e-002	
2.47200000e+001	-4.68242143e-002	
2.47600000e+001	-4.65641157e-002	
2.48000000e+001	-4.63040170e-002	
2.48400000e+001	-4.60450639e-002	
2.48800000e+001	-4.57750203e-002	
2.49200000e+001	-4.54286857e-002	
2.49600000e+001	-4.50896005e-002	
2.50000000e+001	-4.47505153e-002	
2.50400000e+001	-4.44114301e-002	
2.50800000e+001	-4.41165151e-002	
2.51200000e+001	-4.38245248e-002	
2.51600000e+001	-4.35572725e-002	
2.52000000e+001	-4.32985525e-002	
2.52400000e+001	-4.30605402e-002	
2.52800000e+001	-4.28314687e-002	
2.53200000e+001	-4.26023972e-002	
2.53600000e+001	-4.23733257e-002	
2.54000000e+001	-4.21175947e-002	
2.54400000e+001	-4.18455357e-002	
2.54800000e+001	-4.15720674e-002	
2.55200000e+001	-4.12869382e-002	
2.55600000e+001	-4.10018090e-002	
2.56000000e+001	-4.07078426e-002	
2.56400000e+001	-4.03998572e-002	
2.56800000e+001	-4.00987526e-002	
2.57200000e+001	-3.98484833e-002	
2.57600000e+001	-3.95982139e-002	
2.58000000e+001	-3.93479446e-002	
2.58400000e+001	-3.90976753e-002	
2.58800000e+001	-3.88474060e-002	
2.59200000e+001	-3.85992089e-002	
2.59600000e+001	-3.83736292e-002	
2.60000000e+001	-3.81466631e-002	
2.60400000e+001	-3.79196970e-002	
2.60800000e+001	-3.76927309e-002	
2.61200000e+001	-3.74657647e-002	
2.61600000e+001	-3.71743112e-002	
2.62000000e+001	-3.68863079e-002	
2.62400000e+001	-3.66157110e-002	
2.62800000e+001	-3.63451140e-002	
2.63200000e+001	-3.60872294e-002	
2.63600000e+001	-3.58588648e-002	
2.64000000e+001	-3.56305001e-002	
2.64400000e+001	-3.54021354e-002	
2.64800000e+001	-3.51752710e-002	
2.65200000e+001	-3.49545687e-002	
2.65600000e+001	-3.47258142e-002	
2.66000000e+001	-3.45066296e-002	
2.66400000e+001	-3.42874450e-002	
2.66800000e+001	-3.40682604e-002	
2.67200000e+001	-3.38490758e-002	
2.67600000e+001	-3.36288411e-002	
2.68000000e+001	-3.34079726e-002	
2.68400000e+001	-3.31871041e-002	
2.68800000e+001	-3.29662356e-002	
2.69200000e+001	-3.27513989e-002	
2.69600000e+001	-3.25478674e-002	
2.70000000e+001	-3.23692451e-002	
2.70400000e+001	-3.21777912e-002	
2.70800000e+001	-3.19831598e-002	
2.71200000e+001	-3.17885284e-002	
2.71600000e+001	-3.15938970e-002	
2.72000000e+001	-3.14054949e-002	
2.72400000e+001	-3.12209485e-002	
2.72800000e+001	-3.10115927e-002	
2.73200000e+001	-3.07640524e-002	
2.73600000e+001	-3.05165121e-002	
2.74000000e+001	-3.02912793e-002	
2.74400000e+001	-3.00721019e-002	
2.74800000e+001	-2.98674765e-002	
2.75200000e+001	-2.96628510e-002	
2.75600000e+001	-2.94582865e-002	
2.76000000e+001	-2.92587219e-002	
2.76400000e+001	-2.90591574e-002	
2.76800000e+001	-2.88683996e-002	
2.77200000e+001	-2.86895950e-002	
2.77600000e+001	-2.85107903e-002	
2.78000000e+001	-2.83319856e-002	
2.78400000e+001	-2.81544583e-002	
2.78800000e+001	-2.79772401e-002	
2.79200000e+001	-2.78000219e-002	
2.79600000e+001	-2.76228037e-002	
2.80000000e+001	-2.74296015e-002	
2.80400000e+001	-2.72261332e-002	
2.80800000e+001	-2.70378714e-002	
2.81200000e+001	-2.68496096e-002	
2.81600000e+001	-2.66613477e-002	
2.82000000e+001	-2.65037856e-002	
2.82400000e+001	-2.63511412e-002	
2.82800000e+001	-2.61984968e-002	
2.83200000e+001	-2.60458524e-002	
2.83600000e+001	-2.58787475e-002	
2.84000000e+001	-2.57113725e-002	
2.84400000e+001	-2.55439976e-002	
2.84800000e+001	-2.53708868e-002	
2.85200000e+001	-2.51928865e-002	
2.85600000e+001	-2.50195743e-002	
2.86000000e+001	-2.48576172e-002	
2.86400000e+001	-2.46956602e-002	
2.86800000e+001	-2.45337032e-002	
2.87200000e+001	-2.43717462e-002	
2.87600000e+001	-2.41997474e-002	
2.88000000e+001	-2.40212217e-002	
2.88400000e+001	-2.38427099e-002	
2.88800000e+001	-2.36642993e-002	
2.89200000e+001	-2.34859621e-002	
2.89600000e+001	-2.33076249e-002	
2.90000000e+001	-2.31519035e-002	
2.90400000e+001	-2.30135135e-002	
2.90800000e+001	-2.28751235e-002	
2.91200000e+001	-2.27367335e-002	
2.91600000e+001	-2.25983435e-002	
2.92000000e+001	-2.24599073e-002	
2.92400000e+001	-2.23202578e-002	
2.92800000e+001	-2.21690349e-002	
2.93200000e+001	-2.20012955e-002	
2.93600000e+001	-2.18335674e-002	
2.94000000e+001	-2.16696773e-002	
2.94400000e+001	-2.15057872e-002	
2.94800000e+001	-2.13418970e-002	
2.95200000e+001	-2.11959696e-002	
2.95600000e+001	-2.10507455e-002	
2.96000000e+001	-2.09074591e-002	
2.96400000e+001	-2.07840469e-002	
2.96800000e+001	-2.06606346e-002	
2.97200000e+001	-2.05381255e-002	
2.97600000e+001	-2.04206171e-002	
2.98000000e+001	-2.03031087e-002	
2.98400000e+001	-2.01856002e-002	
2.98800000e+001	-2.00664315e-002	
2.99200000e+001	-1.99386883e-002	
2.99600000e+001	-1.97961692e-002	
3.00000000e+001	-1.96468270e-002	
3.00400000e+001	-1.94974847e-002	
3.00800000e+001	-1.93481424e-002	
3.01200000e+001	-1.91988002e-002	
3.01600000e+001	-1.90696566e-002	
3.02000000e+001	-1.89434041e-002	
3.02400000e+001	-1.88171517e-002	
3.02800000e+001	-1.86921457e-002	
3.03200000e+001	-1.85728029e-002	
3.03600000e+001	-1.84404897e-002	
3.04000000e+001	-1.83062314e-002	
3.04400000e+001	-1.81719730e-002	
3.04800000e+001	-1.80377146e-002	
3.05200000e+001	-1.79034563e-002	
3.05600000e+001	-1.77632811e-002	
3.06000000e+001	-1.76473116e-002	
3.06400000e+001	-1.75241751e-002	
3.06800000e+001	-1.74010386e-002	
3.07200000e+001	-1.72779021e-002	
3.07600000e+001	-1.71547655e-002	
3.08000000e+001	-1.70290836e-002	
3.08400000e+001	-1.69020725e-002	
3.08800000e+001	-1.67750613e-002	
3.09200000e+001	-1.66526786e-002	
3.09600000e+001	-1.65345422e-002	
3.10000000e+001	-1.64246115e-002	
3.10400000e+001	-1.63188012e-002	
3.10800000e+001	-1.62131671e-002	
3.11200000e+001	-1.61075330e-002	
3.11600000e+001	-1.60021368e-002	
3.12000000e+001	-1.58916732e-002	
3.12400000e+001	-1.57754025e-002	
3.12800000e+001	-1.56591318e-002	
3.13200000e+001	-1.55428610e-002	
3.13600000e+001	-1.53985878e-002	
3.14000000e+001	-1.52538207e-002	
3.14400000e+001	-1.51169152e-002	
3.14800000e+001	-1.50020408e-002	
3.15200000e+001	-1.49064378e-002	
3.15600000e+001	-1.48108348e-002	
3.16000000e+001	-1.47152318e-002	
3.16400000e+001	-1.46196288e-002	
3.16800000e+001	-1.45323082e-002	
3.17200000e+001	-1.44469860e-002	
3.17600000e+001	-1.43468423e-002	
3.18000000e+001	-1.42460380e-002	
3.18400000e+001	-1.41408490e-002	
3.18800000e+001	-1.40411572e-002	
3.19200000e+001	-1.39425208e-002	
3.19600000e+001	-1.38438843e-002	
3.20000000e+001	-1.37452479e-002	
3.20400000e+001	-1.36451017e-002	
3.20800000e+001	-1.35440852e-002	
3.21200000e+001	-1.34429732e-002	
3.21600000e+001	-1.33418612e-002	
3.22000000e+001	-1.32407492e-002	
3.22400000e+001	-1.31371688e-002	
3.22800000e+001	-1.30332171e-002	
3.23200000e+001	-1.29292655e-002	
3.23600000e+001	-1.28253138e-002	
3.24000000e+001	-1.27164353e-002	
3.24400000e+001	-1.26070406e-002	
3.24800000e+001	-1.25018570e-002	
3.25200000e+001	-1.24142432e-002	
3.25600000e+001	-1.23266294e-002	
3.26000000e+001	-1.22390157e-002	
3.26400000e+001	-1.21465546e-002	
3.26800000e+001	-1.20518255e-002	
3.27200000e+001	-1.19671244e-002	
3.27600000e+001	-1.18839552e-002	
3.28000000e+001	-1.18012059e-002	
3.28400000e+001	-1.17186990e-002	
3.28800000e+001	-1.16235822e-002	
3.29200000e+001	-1.15246586e-002	
3.29600000e+001	-1.14257351e-002	
3.30000000e+001	-1.13341668e-002	
3.30400000e+001	-1.12433679e-002	
3.30800000e+001	-1.11525689e-002	
3.31200000e+001	-1.10571343e-002	
3.31600000e+001	-1.09770321e-002	
3.32000000e+001	-1.08958603e-002	
3.32400000e+001	-1.08146886e-002	
3.32800000e+001	-1.07340073e-002	
3.33200000e+001	-1.06585549e-002	
3.33600000e+001	-1.05831025e-002	
3.34000000e+001	-1.05058522e-002	
3.34400000e+001	-1.04060051e-002	
3.34800000e+001	-1.03061580e-002	
3.35200000e+001	-1.02263262e-002	
3.35600000e+001	-1.01546298e-002	
3.36000000e+001	-1.00814789e-002	
3.36400000e+001	-1.00011388e-002	
3.36800000e+001	-9.90100533e-003	
3.37200000e+001	-9.79563504e-003	
3.37600000e+001	-9.70109303e-003	
3.38000000e+001	-9.63110119e-003	
3.38400000e+001	-9.56098368e-003	
3.38800000e+001	-9.49012754e-003	
3.39200000e+001	-9.41891225e-003	
3.39600000e+001	-9.34787013e-003	
3.40000000e+001	-9.27271922e-003	
3.40400000e+001	-9.18092011e-003	
3.40800000e+001	-9.09466790e-003	
3.41200000e+001	-9.00988514e-003	
3.41600000e+001	-8.92510239e-003	
3.42000000e+001	-8.84031964e-003	
3.42400000e+001	-8.76145458e-003	
3.42800000e+001	-8.68933059e-003	
3.43200000e+001	-8.61738254e-003	
3.43600000e+001	-8.54543449e-003	
3.44000000e+001	-8.47468266e-003	
3.44400000e+001	-8.40236567e-003	
3.44800000e+001	-8.32992402e-003	
3.45200000e+001	-8.25748237e-003	
3.45600000e+001	-8.18504072e-003	
3.46000000e+001	-8.11155420e-003	
3.46400000e+001	-8.02459852e-003	
3.46800000e+001	-7.93654907e-003	
3.47200000e+001	-7.84849961e-003	
3.47600000e+001	-7.76499334e-003	
3.48000000e+001	-7.70588125e-003	
3.48400000e+001	-7.64997533e-003	
3.48800000e+001	-7.59435010e-003	
3.49200000e+001	-7.53872486e-003	
3.49600000e+001	-7.47541531e-003	
3.50000000e+001	-7.39374914e-003	
3.50400000e+001	-7.31174431e-003	
3.50800000e+001	-7.22973948e-003	
3.51200000e+001	-7.15855364e-003	
3.51600000e+001	-7.09120972e-003	
3.52000000e+001	-7.02466524e-003	
3.52400000e+001	-6.95411540e-003	
3.52800000e+001	-6.88001870e-003	
3.53200000e+001	-6.80737034e-003	
3.53600000e+001	-6.73472199e-003	
3.54000000e+001	-6.66276947e-003	
3.54400000e+001	-6.60146888e-003	
3.54800000e+001	-6.54016830e-003	
3.55200000e+001	-6.47937041e-003	
3.55600000e+001	-6.41793506e-003	
3.56000000e+001	-6.35102466e-003	
3.56400000e+001	-6.28411427e-003	
3.56800000e+001	-6.21615424e-003	
3.57200000e+001	-6.14648171e-003	
3.57600000e+001	-6.08322144e-003	
3.58000000e+001	-6.02204908e-003	
3.58400000e+001	-5.95118474e-003	
3.58800000e+001	-5.87940004e-003	
3.59200000e+001	-5.80761534e-003	
3.59600000e+001	-5.74325162e-003	
3.60000000e+001	-5.68347277e-003	
3.60400000e+001	-5.62367199e-003	
3.60800000e+001	-5.56387121e-003	
3.61200000e+001	-5.50124916e-003	
3.61600000e+001	-5.43501408e-003	
3.62000000e+001	-5.37597777e-003	
3.62400000e+001	-5.31694145e-003	
3.62800000e+001	-5.25790514e-003	
3.63200000e+001	-5.20099813e-003	
3.63600000e+001	-5.13129138e-003	
3.64000000e+001	-5.06156476e-003	
3.64400000e+001	-4.99183814e-003	
3.64800000e+001	-4.92657164e-003	
3.65200000e+001	-4.86785160e-003	
3.65600000e+001	-4.80913156e-003	
3.66000000e+001	-4.75041152e-003	
3.66400000e+001	-4.68796917e-003	
3.66800000e+001	-4.62629076e-003	
3.67200000e+001	-4.56750510e-003	
3.67600000e+001	-4.50944865e-003	
3.68000000e+001	-4.45537097e-003	
3.68400000e+001	-4.40129330e-003	
3.68800000e+001	-4.34707792e-003	
3.69200000e+001	-4.29083969e-003	
3.69600000e+001	-4.23039788e-003	
3.70000000e+001	-4.16641840e-003	
3.70400000e+001	-4.10243892e-003	
3.70800000e+001	-4.03961459e-003	
3.71200000e+001	-3.98104591e-003	
3.71600000e+001	-3.92239486e-003	
3.72000000e+001	-3.86287174e-003	
3.72400000e+001	-3.80298256e-003	
3.72800000e+001	-3.74204245e-003	
3.73200000e+001	-3.68110234e-003	
3.73600000e+001	-3.62052979e-003	
3.74000000e+001	-3.56186242e-003	
3.74400000e+001	-3.50378563e-003	
3.74800000e+001	-3.44570884e-003	
3.75200000e+001	-3.38705968e-003	
3.75600000e+001	-3.32760645e-003	
3.76000000e+001	-3.26815322e-003	
3.76400000e+001	-3.21259977e-003	
3.76800000e+001	-3.15998858e-003	
3.77200000e+001	-3.10922960e-003	
3.77600000e+001	-3.05847062e-003	
3.78000000e+001	-3.00771164e-003	
3.78400000e+001	-2.94877854e-003	
3.78800000e+001	-2.88835114e-003	
3.79200000e+001	-2.82792374e-003	
3.79600000e+001	-2.76779952e-003	
3.80000000e+001	-2.71502181e-003	
3.80400000e+001	-2.66135258e-003	
3.80800000e+001	-2.60768336e-003	
3.81200000e+001	-2.54204868e-003	
3.81600000e+001	-2.48175295e-003	
3.82000000e+001	-2.42469755e-003	
3.82400000e+001	-2.37441727e-003	
3.82800000e+001	-2.32413700e-003	
3.83200000e+001	-2.27385673e-003	
3.83600000e+001	-2.21814191e-003	
3.84000000e+001	-2.15788802e-003	
3.84400000e+001	-2.09773151e-003	
3.84800000e+001	-2.03927701e-003	
3.85200000e+001	-1.98804196e-003	
3.85600000e+001	-1.93680691e-003	
3.86000000e+001	-1.88557187e-003	
3.86400000e+001	-1.82931189e-003	
3.86800000e+001	-1.77074182e-003	
3.87200000e+001	-1.71218289e-003	
3.87600000e+001	-1.65362457e-003	
3.88000000e+001	-1.59952416e-003	
3.88400000e+001	-1.55074465e-003	
3.88800000e+001	-1.50196513e-003	
3.89200000e+001	-1.45361796e-003	
3.89600000e+001	-1.40609757e-003	
3.90000000e+001	-1.35375854e-003	
3.90400000e+001	-1.29855630e-003	
3.90800000e+001	-1.24335406e-003	
3.91200000e+001	-1.18815182e-003	
3.91600000e+001	-1.12957584e-003	
3.92000000e+001	-1.06948077e-003	
3.92400000e+001	-1.01247306e-003	
3.92800000e+001	-9.61300748e-004	
3.93200000e+001	-9.10134129e-004	
3.93600000e+001	-8.58967509e-004	
3.94000000e+001	-8.05419334e-004	
3.94400000e+001	-7.51006029e-004	
3.94800000e+001	-6.96818880e-004	
3.95200000e+001	-6.42148359e-004	
3.95600000e+001	-5.84445663e-004	
3.96000000e+001	-5.26742968e-004	
3.96400000e+001	-4.69349003e-004	
3.96800000e+001	-4.13024825e-004	
3.97200000e+001	-3.56700647e-004	
3.97600000e+001	-3.03068030e-004	
3.98000000e+001	-2.59312763e-004	
3.98400000e+001	-2.15557496e-004	
3.98800000e+001	-1.69638958e-004	
3.99200000e+001	-1.09048635e-004	
3.99600000e+001	-5.37030726e-005	
4.00000000e+001	-2.98313027e-005	
