% Column 0: Length, mm
% Column 1: Potential, Volts
0.00000000e+000	-2.48580881e+005	
4.00000000e-002	-2.48581720e+005	
8.00000000e-002	-2.48584413e+005	
1.20000000e-001	-2.48589639e+005	
1.60000000e-001	-2.48594582e+005	
2.00000000e-001	-2.48603932e+005	
2.40000000e-001	-2.48611775e+005	
2.80000000e-001	-2.48624660e+005	
3.20000000e-001	-2.48636373e+005	
3.60000000e-001	-2.48653162e+005	
4.00000000e-001	-2.48671481e+005	
4.40000000e-001	-2.48689800e+005	
4.80000000e-001	-2.48708119e+005	
5.20000000e-001	-2.48726028e+005	
5.60000000e-001	-2.48749322e+005	
6.00000000e-001	-2.48774168e+005	
6.40000000e-001	-2.48799014e+005	
6.80000000e-001	-2.48829975e+005	
7.20000000e-001	-2.48861132e+005	
7.60000000e-001	-2.48891166e+005	
8.00000000e-001	-2.48921953e+005	
8.40000000e-001	-2.48958898e+005	
8.80000000e-001	-2.48997741e+005	
9.20000000e-001	-2.49036583e+005	
9.60000000e-001	-2.49075426e+005	
1.00000000e+000	-2.49118829e+005	
1.04000000e+000	-2.49164295e+005	
1.08000000e+000	-2.49209138e+005	
1.12000000e+000	-2.49253980e+005	
1.16000000e+000	-2.49303477e+005	
1.20000000e+000	-2.49355855e+005	
1.24000000e+000	-2.49408233e+005	
1.28000000e+000	-2.49460611e+005	
1.32000000e+000	-2.49516966e+005	
1.36000000e+000	-2.49577342e+005	
1.40000000e+000	-2.49637718e+005	
1.44000000e+000	-2.49698095e+005	
1.48000000e+000	-2.49758471e+005	
1.52000000e+000	-2.49824099e+005	
1.56000000e+000	-2.49891589e+005	
1.60000000e+000	-2.49959079e+005	
1.64000000e+000	-2.50028775e+005	
1.68000000e+000	-2.50101868e+005	
1.72000000e+000	-2.50175136e+005	
1.76000000e+000	-2.50251623e+005	
1.80000000e+000	-2.50330718e+005	
1.84000000e+000	-2.50412242e+005	
1.88000000e+000	-2.50493766e+005	
1.92000000e+000	-2.50575290e+005	
1.96000000e+000	-2.50656814e+005	
2.00000000e+000	-2.50741847e+005	
2.04000000e+000	-2.50828554e+005	
2.08000000e+000	-2.50919418e+005	
2.12000000e+000	-2.51011758e+005	
2.16000000e+000	-2.51105566e+005	
2.20000000e+000	-2.51203707e+005	
2.24000000e+000	-2.51304679e+005	
2.28000000e+000	-2.51405668e+005	
2.32000000e+000	-2.51506933e+005	
2.36000000e+000	-2.51608198e+005	
2.40000000e+000	-2.51713117e+005	
2.44000000e+000	-2.51819522e+005	
2.48000000e+000	-2.51931919e+005	
2.52000000e+000	-2.52045201e+005	
2.56000000e+000	-2.52158482e+005	
2.60000000e+000	-2.52269847e+005	
2.64000000e+000	-2.52390295e+005	
2.68000000e+000	-2.52511631e+005	
2.72000000e+000	-2.52632968e+005	
2.76000000e+000	-2.52753804e+005	
2.80000000e+000	-2.52877142e+005	
2.84000000e+000	-2.53005474e+005	
2.88000000e+000	-2.53133805e+005	
2.92000000e+000	-2.53262137e+005	
2.96000000e+000	-2.53392516e+005	
3.00000000e+000	-2.53530956e+005	
3.04000000e+000	-2.53669396e+005	
3.08000000e+000	-2.53807551e+005	
3.12000000e+000	-2.53949743e+005	
3.16000000e+000	-2.54091839e+005	
3.20000000e+000	-2.54233934e+005	
3.24000000e+000	-2.54381168e+005	
3.28000000e+000	-2.54531199e+005	
3.32000000e+000	-2.54681604e+005	
3.36000000e+000	-2.54838255e+005	
3.40000000e+000	-2.54994907e+005	
3.44000000e+000	-2.55151109e+005	
3.48000000e+000	-2.55306571e+005	
3.52000000e+000	-2.55468418e+005	
3.56000000e+000	-2.55632185e+005	
3.60000000e+000	-2.55795953e+005	
3.64000000e+000	-2.55963939e+005	
3.68000000e+000	-2.56135779e+005	
3.72000000e+000	-2.56311203e+005	
3.76000000e+000	-2.56487572e+005	
3.80000000e+000	-2.56667917e+005	
3.84000000e+000	-2.56847860e+005	
3.88000000e+000	-2.57026461e+005	
3.92000000e+000	-2.57211921e+005	
3.96000000e+000	-2.57395741e+005	
4.00000000e+000	-2.57580579e+005	
4.04000000e+000	-2.57774217e+005	
4.08000000e+000	-2.57969056e+005	
4.12000000e+000	-2.58164122e+005	
4.16000000e+000	-2.58359188e+005	
4.20000000e+000	-2.58556988e+005	
4.24000000e+000	-2.58761224e+005	
4.28000000e+000	-2.58966383e+005	
4.32000000e+000	-2.59172888e+005	
4.36000000e+000	-2.59379393e+005	
4.40000000e+000	-2.59592225e+005	
4.44000000e+000	-2.59809739e+005	
4.48000000e+000	-2.60027253e+005	
4.52000000e+000	-2.60244583e+005	
4.56000000e+000	-2.60463741e+005	
4.60000000e+000	-2.60689883e+005	
4.64000000e+000	-2.60916293e+005	
4.68000000e+000	-2.61144930e+005	
4.72000000e+000	-2.61375490e+005	
4.76000000e+000	-2.61613254e+005	
4.80000000e+000	-2.61851625e+005	
4.84000000e+000	-2.62091108e+005	
4.88000000e+000	-2.62330591e+005	
4.92000000e+000	-2.62575511e+005	
4.96000000e+000	-2.62822458e+005	
5.00000000e+000	-2.63070978e+005	
5.04000000e+000	-2.63321665e+005	
5.08000000e+000	-2.63576823e+005	
5.12000000e+000	-2.63838550e+005	
5.16000000e+000	-2.64100277e+005	
5.20000000e+000	-2.64362217e+005	
5.24000000e+000	-2.64630814e+005	
5.28000000e+000	-2.64902545e+005	
5.32000000e+000	-2.65174277e+005	
5.36000000e+000	-2.65446013e+005	
5.40000000e+000	-2.65726287e+005	
5.44000000e+000	-2.66008627e+005	
5.48000000e+000	-2.66289215e+005	
5.52000000e+000	-2.66569803e+005	
5.56000000e+000	-2.66864346e+005	
5.60000000e+000	-2.67156410e+005	
5.64000000e+000	-2.67447018e+005	
5.68000000e+000	-2.67744316e+005	
5.72000000e+000	-2.68046374e+005	
5.76000000e+000	-2.68349634e+005	
5.80000000e+000	-2.68652916e+005	
5.84000000e+000	-2.68969602e+005	
5.88000000e+000	-2.69287664e+005	
5.92000000e+000	-2.69601939e+005	
5.96000000e+000	-2.69913202e+005	
6.00000000e+000	-2.70236274e+005	
6.04000000e+000	-2.70565379e+005	
6.08000000e+000	-2.70894485e+005	
6.12000000e+000	-2.71225362e+005	
6.16000000e+000	-2.71559026e+005	
6.20000000e+000	-2.71904223e+005	
6.24000000e+000	-2.72249420e+005	
6.28000000e+000	-2.72594617e+005	
6.32000000e+000	-2.72943368e+005	
6.36000000e+000	-2.73298720e+005	
6.40000000e+000	-2.73654071e+005	
6.44000000e+000	-2.74009423e+005	
6.48000000e+000	-2.74368055e+005	
6.52000000e+000	-2.74740819e+005	
6.56000000e+000	-2.75111097e+005	
6.60000000e+000	-2.75479460e+005	
6.64000000e+000	-2.75857461e+005	
6.68000000e+000	-2.76241622e+005	
6.72000000e+000	-2.76625784e+005	
6.76000000e+000	-2.77010230e+005	
6.80000000e+000	-2.77404517e+005	
6.84000000e+000	-2.77807281e+005	
6.88000000e+000	-2.78205565e+005	
6.92000000e+000	-2.78603849e+005	
6.96000000e+000	-2.79005227e+005	
7.00000000e+000	-2.79419966e+005	
7.04000000e+000	-2.79835178e+005	
7.08000000e+000	-2.80250902e+005	
7.12000000e+000	-2.80680030e+005	
7.16000000e+000	-2.81110304e+005	
7.20000000e+000	-2.81537995e+005	
7.24000000e+000	-2.81964597e+005	
7.28000000e+000	-2.82407391e+005	
7.32000000e+000	-2.82851257e+005	
7.36000000e+000	-2.83295132e+005	
7.40000000e+000	-2.83750221e+005	
7.44000000e+000	-2.84209207e+005	
7.48000000e+000	-2.84668013e+005	
7.52000000e+000	-2.85134159e+005	
7.56000000e+000	-2.85607430e+005	
7.60000000e+000	-2.86080701e+005	
7.64000000e+000	-2.86556627e+005	
7.68000000e+000	-2.87041427e+005	
7.72000000e+000	-2.87526242e+005	
7.76000000e+000	-2.88011057e+005	
7.80000000e+000	-2.88512149e+005	
7.84000000e+000	-2.89020039e+005	
7.88000000e+000	-2.89516610e+005	
7.92000000e+000	-2.90029274e+005	
7.96000000e+000	-2.90546758e+005	
8.00000000e+000	-2.91060958e+005	
8.04000000e+000	-2.91587710e+005	
8.08000000e+000	-2.92124731e+005	
8.12000000e+000	-2.92660800e+005	
8.16000000e+000	-2.93196868e+005	
8.20000000e+000	-2.93741804e+005	
8.24000000e+000	-2.94293112e+005	
8.28000000e+000	-2.94849908e+005	
8.32000000e+000	-2.95408297e+005	
8.36000000e+000	-2.95978283e+005	
8.40000000e+000	-2.96554905e+005	
8.44000000e+000	-2.97132845e+005	
8.48000000e+000	-2.97710784e+005	
8.52000000e+000	-2.98300876e+005	
8.56000000e+000	-2.98902364e+005	
8.60000000e+000	-2.99503525e+005	
8.64000000e+000	-3.00104685e+005	
8.68000000e+000	-3.00713416e+005	
8.72000000e+000	-3.01338783e+005	
8.76000000e+000	-3.01964598e+005	
8.80000000e+000	-3.02590412e+005	
8.84000000e+000	-3.03217402e+005	
8.88000000e+000	-3.03863096e+005	
8.92000000e+000	-3.04513282e+005	
8.96000000e+000	-3.05163469e+005	
9.00000000e+000	-3.05817563e+005	
9.04000000e+000	-3.06488934e+005	
9.08000000e+000	-3.07164920e+005	
9.12000000e+000	-3.07842019e+005	
9.16000000e+000	-3.08519118e+005	
9.20000000e+000	-3.09222112e+005	
9.24000000e+000	-3.09927276e+005	
9.28000000e+000	-3.10629015e+005	
9.32000000e+000	-3.11331996e+005	
9.36000000e+000	-3.12059268e+005	
9.40000000e+000	-3.12787294e+005	
9.44000000e+000	-3.13527831e+005	
9.48000000e+000	-3.14268369e+005	
9.52000000e+000	-3.15007211e+005	
9.56000000e+000	-3.15775142e+005	
9.60000000e+000	-3.16543644e+005	
9.64000000e+000	-3.17312145e+005	
9.68000000e+000	-3.18080646e+005	
9.72000000e+000	-3.18870029e+005	
9.76000000e+000	-3.19661258e+005	
9.80000000e+000	-3.20452463e+005	
9.84000000e+000	-3.21257618e+005	
9.88000000e+000	-3.22081642e+005	
9.92000000e+000	-3.22917423e+005	
9.96000000e+000	-3.23750352e+005	
1.00000000e+001	-3.24584983e+005	
1.00400000e+001	-3.25428846e+005	
1.00800000e+001	-3.26271291e+005	
1.01200000e+001	-3.27156808e+005	
1.01600000e+001	-3.28045361e+005	
1.02000000e+001	-3.28933914e+005	
1.02400000e+001	-3.29827608e+005	
1.02800000e+001	-3.30727818e+005	
1.03200000e+001	-3.31628029e+005	
1.03600000e+001	-3.32560802e+005	
1.04000000e+001	-3.33496290e+005	
1.04400000e+001	-3.34424644e+005	
1.04800000e+001	-3.35389500e+005	
1.05200000e+001	-3.36361758e+005	
1.05600000e+001	-3.37333954e+005	
1.06000000e+001	-3.38306026e+005	
1.06400000e+001	-3.39298893e+005	
1.06800000e+001	-3.40302197e+005	
1.07200000e+001	-3.41305502e+005	
1.07600000e+001	-3.42336568e+005	
1.08000000e+001	-3.43375506e+005	
1.08400000e+001	-3.44409671e+005	
1.08800000e+001	-3.45453249e+005	
1.09200000e+001	-3.46529749e+005	
1.09600000e+001	-3.47605922e+005	
1.10000000e+001	-3.48673189e+005	
1.10400000e+001	-3.49792162e+005	
1.10800000e+001	-3.50905573e+005	
1.11200000e+001	-3.52018985e+005	
1.11600000e+001	-3.53132396e+005	
1.12000000e+001	-3.54286968e+005	
1.12400000e+001	-3.55476986e+005	
1.12800000e+001	-3.56657328e+005	
1.13200000e+001	-3.57831554e+005	
1.13600000e+001	-3.59005781e+005	
1.14000000e+001	-3.60196642e+005	
1.14400000e+001	-3.61442689e+005	
1.14800000e+001	-3.62688736e+005	
1.15200000e+001	-3.63923790e+005	
1.15600000e+001	-3.65209545e+005	
1.16000000e+001	-3.66466083e+005	
1.16400000e+001	-3.67745895e+005	
1.16800000e+001	-3.69069287e+005	
1.17200000e+001	-3.70392680e+005	
1.17600000e+001	-3.71714715e+005	
1.18000000e+001	-3.73079938e+005	
1.18400000e+001	-3.74437357e+005	
1.18800000e+001	-3.75794777e+005	
1.19200000e+001	-3.77193451e+005	
1.19600000e+001	-3.78617944e+005	
1.20000000e+001	-3.80042437e+005	
1.20400000e+001	-3.81495693e+005	
1.20800000e+001	-3.82972392e+005	
1.21200000e+001	-3.84437276e+005	
1.21600000e+001	-3.85902159e+005	
1.22000000e+001	-3.87393583e+005	
1.22400000e+001	-3.88949749e+005	
1.22800000e+001	-3.90512296e+005	
1.23200000e+001	-3.92074843e+005	
1.23600000e+001	-3.93630674e+005	
1.24000000e+001	-3.95268139e+005	
1.24400000e+001	-3.96910040e+005	
1.24800000e+001	-3.98549565e+005	
1.25200000e+001	-4.00185076e+005	
1.25600000e+001	-4.01873717e+005	
1.26000000e+001	-4.03590891e+005	
1.26400000e+001	-4.05308065e+005	
1.26800000e+001	-4.07025239e+005	
1.27200000e+001	-4.08769916e+005	
1.27600000e+001	-4.10539368e+005	
1.28000000e+001	-4.12308820e+005	
1.28400000e+001	-4.14185561e+005	
1.28800000e+001	-4.16043690e+005	
1.29200000e+001	-4.17881037e+005	
1.29600000e+001	-4.19783200e+005	
1.30000000e+001	-4.21708295e+005	
1.30400000e+001	-4.23633390e+005	
1.30800000e+001	-4.25578245e+005	
1.31200000e+001	-4.27607058e+005	
1.31600000e+001	-4.29648651e+005	
1.32000000e+001	-4.31690245e+005	
1.32400000e+001	-4.33749233e+005	
1.32800000e+001	-4.35846417e+005	
1.33200000e+001	-4.37943601e+005	
1.33600000e+001	-4.40087599e+005	
1.34000000e+001	-4.42296882e+005	
1.34400000e+001	-4.44461507e+005	
1.34800000e+001	-4.46685480e+005	
1.35200000e+001	-4.49001971e+005	
1.35600000e+001	-4.51318461e+005	
1.36000000e+001	-4.53600027e+005	
1.36400000e+001	-4.55874837e+005	
1.36800000e+001	-4.58289970e+005	
1.37200000e+001	-4.60734963e+005	
1.37600000e+001	-4.63212370e+005	
1.38000000e+001	-4.65689778e+005	
1.38400000e+001	-4.68197498e+005	
1.38800000e+001	-4.70767273e+005	
1.39200000e+001	-4.73337047e+005	
1.39600000e+001	-4.75906822e+005	
1.40000000e+001	-4.78549563e+005	
1.40400000e+001	-4.81249604e+005	
1.40800000e+001	-4.83954716e+005	
1.41200000e+001	-4.86785752e+005	
1.41600000e+001	-4.89655138e+005	
1.42000000e+001	-4.92428750e+005	
1.42400000e+001	-4.95323041e+005	
1.42800000e+001	-4.98338268e+005	
1.43200000e+001	-5.01353495e+005	
1.43600000e+001	-5.04368722e+005	
1.44000000e+001	-5.07383949e+005	
1.44400000e+001	-5.10471390e+005	
1.44800000e+001	-5.13591678e+005	
1.45200000e+001	-5.16711966e+005	
1.45600000e+001	-5.20019799e+005	
1.46000000e+001	-5.23361695e+005	
1.46400000e+001	-5.26720746e+005	
1.46800000e+001	-5.30163891e+005	
1.47200000e+001	-5.33576430e+005	
1.47600000e+001	-5.36988968e+005	
1.48000000e+001	-5.40567385e+005	
1.48400000e+001	-5.44245809e+005	
1.48800000e+001	-5.47924233e+005	
1.49200000e+001	-5.51522060e+005	
1.49600000e+001	-5.55369572e+005	
1.50000000e+001	-5.59217085e+005	
1.50400000e+001	-5.63068124e+005	
1.50800000e+001	-5.67055371e+005	
1.51200000e+001	-5.71032568e+005	
1.51600000e+001	-5.74986778e+005	
1.52000000e+001	-5.79336985e+005	
1.52400000e+001	-5.83712486e+005	
1.52800000e+001	-5.88015630e+005	
1.53200000e+001	-5.92318775e+005	
1.53600000e+001	-5.96602489e+005	
1.54000000e+001	-6.00871338e+005	
1.54400000e+001	-6.05541600e+005	
1.54800000e+001	-6.10293419e+005	
1.55200000e+001	-6.14919069e+005	
1.55600000e+001	-6.19746308e+005	
1.56000000e+001	-6.24678827e+005	
1.56400000e+001	-6.29602208e+005	
1.56800000e+001	-6.34816090e+005	
1.57200000e+001	-6.40057493e+005	
1.57600000e+001	-6.45097065e+005	
1.58000000e+001	-6.50172081e+005	
1.58400000e+001	-6.55837465e+005	
1.58800000e+001	-6.61502848e+005	
1.59200000e+001	-6.66800452e+005	
1.59600000e+001	-6.72356974e+005	
1.60000000e+001	-6.78353321e+005	
1.60400000e+001	-6.84299426e+005	
1.60800000e+001	-6.90206100e+005	
1.61200000e+001	-6.96266455e+005	
1.61600000e+001	-7.02678744e+005	
1.62000000e+001	-7.08823952e+005	
1.62400000e+001	-7.14967866e+005	
1.62800000e+001	-7.21796842e+005	
1.63200000e+001	-7.28728925e+005	
1.63600000e+001	-7.35380215e+005	
1.64000000e+001	-7.42021563e+005	
1.64400000e+001	-7.48662912e+005	
1.64800000e+001	-7.56027349e+005	
1.65200000e+001	-7.63547166e+005	
1.65600000e+001	-7.71491517e+005	
1.66000000e+001	-7.79100682e+005	
1.66400000e+001	-7.86396344e+005	
1.66800000e+001	-7.93692005e+005	
1.67200000e+001	-8.01080136e+005	
1.67600000e+001	-8.09699278e+005	
1.68000000e+001	-8.17786349e+005	
1.68400000e+001	-8.25543661e+005	
1.68800000e+001	-8.33861100e+005	
1.69200000e+001	-8.42971382e+005	
1.69600000e+001	-8.51215106e+005	
1.70000000e+001	-8.59131570e+005	
1.70400000e+001	-8.68435082e+005	
1.70800000e+001	-8.77882416e+005	
1.71200000e+001	-8.86410521e+005	
1.71600000e+001	-8.95023593e+005	
1.72000000e+001	-9.04719019e+005	
1.72400000e+001	-9.14414445e+005	
1.72800000e+001	-9.23424534e+005	
1.73200000e+001	-9.32385017e+005	
1.73600000e+001	-9.41721313e+005	
1.74000000e+001	-9.51058805e+005	
1.74400000e+001	-9.60552010e+005	
1.74800000e+001	-9.70221819e+005	
1.75200000e+001	-9.80388689e+005	
1.75600000e+001	-9.89552457e+005	
1.76000000e+001	-9.98542373e+005	
1.76400000e+001	-1.00698839e+006	
1.76800000e+001	-1.01428295e+006	
1.77200000e+001	-1.02413451e+006	
1.77600000e+001	-1.03398606e+006	
1.78000000e+001	-1.04247646e+006	
1.78400000e+001	-1.04856732e+006	
1.78800000e+001	-1.05454432e+006	
1.79200000e+001	-1.06020963e+006	
1.79600000e+001	-1.06587494e+006	
1.80000000e+001	-1.07154025e+006	
1.80400000e+001	-1.07641251e+006	
1.80800000e+001	-1.07961705e+006	
1.81200000e+001	-1.08282160e+006	
1.81600000e+001	-1.08544467e+006	
1.82000000e+001	-1.08679935e+006	
1.82400000e+001	-1.08471822e+006	
1.82800000e+001	-1.08263708e+006	
1.83200000e+001	-1.07895267e+006	
1.83600000e+001	-1.07248955e+006	
1.84000000e+001	-1.06376850e+006	
1.84400000e+001	-1.05664959e+006	
1.84800000e+001	-1.05018040e+006	
1.85200000e+001	-1.03939914e+006	
1.85600000e+001	-1.02495832e+006	
1.86000000e+001	-1.01000510e+006	
1.86400000e+001	-9.95212789e+005	
1.86800000e+001	-9.77115992e+005	
1.87200000e+001	-9.58805027e+005	
1.87600000e+001	-9.40494061e+005	
1.88000000e+001	-9.19383500e+005	
1.88400000e+001	-8.96491350e+005	
1.88800000e+001	-8.73599201e+005	
1.89200000e+001	-8.49691112e+005	
1.89600000e+001	-8.23886300e+005	
1.90000000e+001	-7.95114329e+005	
1.90400000e+001	-7.65775604e+005	
1.90800000e+001	-7.36623060e+005	
1.91200000e+001	-7.09739718e+005	
1.91600000e+001	-6.81429123e+005	
1.92000000e+001	-6.50680773e+005	
1.92400000e+001	-6.19932423e+005	
1.92800000e+001	-5.88644188e+005	
1.93200000e+001	-5.55689505e+005	
1.93600000e+001	-5.24402844e+005	
1.94000000e+001	-4.93361548e+005	
1.94400000e+001	-4.62320251e+005	
1.94800000e+001	-4.29819106e+005	
1.95200000e+001	-3.96198562e+005	
1.95600000e+001	-3.62948929e+005	
1.96000000e+001	-3.31932069e+005	
1.96400000e+001	-2.98882478e+005	
1.96800000e+001	-2.65612439e+005	
1.97200000e+001	-2.31675934e+005	
1.97600000e+001	-1.97177520e+005	
1.98000000e+001	-1.64285785e+005	
1.98400000e+001	-1.31293106e+005	
1.98800000e+001	-9.84581981e+004	
1.99200000e+001	-6.58987746e+004	
1.99600000e+001	-3.19336534e+004	
2.00000000e+001	2.03146777e+003	
2.00400000e+001	3.54594879e+004	
2.00800000e+001	6.82617526e+004	
2.01200000e+001	1.01827230e+005	
2.01600000e+001	1.35772448e+005	
2.02000000e+001	1.68367999e+005	
2.02400000e+001	2.01241102e+005	
2.02800000e+001	2.34371516e+005	
2.03200000e+001	2.67729995e+005	
2.03600000e+001	3.01809179e+005	
2.04000000e+001	3.34383978e+005	
2.04400000e+001	3.66958778e+005	
2.04800000e+001	3.99533578e+005	
2.05200000e+001	4.33492069e+005	
2.05600000e+001	4.67018056e+005	
2.06000000e+001	4.98441076e+005	
2.06400000e+001	5.29747886e+005	
2.06800000e+001	5.59004463e+005	
2.07200000e+001	5.89376499e+005	
2.07600000e+001	6.21586951e+005	
2.08000000e+001	6.53797404e+005	
2.08400000e+001	6.83381033e+005	
2.08800000e+001	7.10962344e+005	
2.09200000e+001	7.38543655e+005	
2.09600000e+001	7.66811868e+005	
2.10000000e+001	7.97173294e+005	
2.10400000e+001	8.24827070e+005	
2.10800000e+001	8.50215446e+005	
2.11200000e+001	8.75205095e+005	
2.11600000e+001	9.00194744e+005	
2.12000000e+001	9.21204963e+005	
2.12400000e+001	9.40509760e+005	
2.12800000e+001	9.59814557e+005	
2.13200000e+001	9.79119354e+005	
2.13600000e+001	9.96091236e+005	
2.14000000e+001	1.00912836e+006	
2.14400000e+001	1.02216549e+006	
2.14800000e+001	1.03520261e+006	
2.15200000e+001	1.04823974e+006	
2.15600000e+001	1.05956555e+006	
2.16000000e+001	1.06816264e+006	
2.16400000e+001	1.07675973e+006	
2.16800000e+001	1.07952500e+006	
2.17200000e+001	1.08103767e+006	
2.17600000e+001	1.08255034e+006	
2.18000000e+001	1.08555170e+006	
2.18400000e+001	1.08655935e+006	
2.18800000e+001	1.08331515e+006	
2.19200000e+001	1.08007095e+006	
2.19600000e+001	1.07707096e+006	
2.20000000e+001	1.07567113e+006	
2.20400000e+001	1.07091200e+006	
2.20800000e+001	1.06472607e+006	
2.21200000e+001	1.05736590e+006	
2.21600000e+001	1.04959897e+006	
2.22000000e+001	1.04260715e+006	
2.22400000e+001	1.03561534e+006	
2.22800000e+001	1.02767974e+006	
2.23200000e+001	1.01705817e+006	
2.23600000e+001	1.00825149e+006	
2.24000000e+001	9.99669969e+005	
2.24400000e+001	9.91088452e+005	
2.24800000e+001	9.82001884e+005	
2.25200000e+001	9.72323944e+005	
2.25600000e+001	9.63025035e+005	
2.26000000e+001	9.53726126e+005	
2.26400000e+001	9.44597451e+005	
2.26800000e+001	9.36038738e+005	
2.27200000e+001	9.26687044e+005	
2.27600000e+001	9.17316475e+005	
2.28000000e+001	9.07836977e+005	
2.28400000e+001	8.97975337e+005	
2.28800000e+001	8.88857895e+005	
2.29200000e+001	8.79894935e+005	
2.29600000e+001	8.71051378e+005	
2.30000000e+001	8.62993404e+005	
2.30400000e+001	8.54630390e+005	
2.30800000e+001	8.46249179e+005	
2.31200000e+001	8.37867968e+005	
2.31600000e+001	8.28414888e+005	
2.32000000e+001	8.19470438e+005	
2.32400000e+001	8.11891078e+005	
2.32800000e+001	8.04311717e+005	
2.33200000e+001	7.96481268e+005	
2.33600000e+001	7.88647411e+005	
2.34000000e+001	7.80813553e+005	
2.34400000e+001	7.73057630e+005	
2.34800000e+001	7.65811306e+005	
2.35200000e+001	7.58657086e+005	
2.35600000e+001	7.51502865e+005	
2.36000000e+001	7.44711079e+005	
2.36400000e+001	7.38253774e+005	
2.36800000e+001	7.31669444e+005	
2.37200000e+001	7.25069498e+005	
2.37600000e+001	7.18314427e+005	
2.38000000e+001	7.11559355e+005	
2.38400000e+001	7.04892924e+005	
2.38800000e+001	6.98897631e+005	
2.39200000e+001	6.92920009e+005	
2.39600000e+001	6.86942388e+005	
2.40000000e+001	6.80757155e+005	
2.40400000e+001	6.75063640e+005	
2.40800000e+001	6.69447389e+005	
2.41200000e+001	6.63828231e+005	
2.41600000e+001	6.58200205e+005	
2.42000000e+001	6.52874095e+005	
2.42400000e+001	6.47747654e+005	
2.42800000e+001	6.42530932e+005	
2.43200000e+001	6.37164362e+005	
2.43600000e+001	6.32080368e+005	
2.44000000e+001	6.27175935e+005	
2.44400000e+001	6.22350783e+005	
2.44800000e+001	6.17538639e+005	
2.45200000e+001	6.12726495e+005	
2.45600000e+001	6.08159438e+005	
2.46000000e+001	6.03662569e+005	
2.46400000e+001	5.99165700e+005	
2.46800000e+001	5.94668831e+005	
2.47200000e+001	5.90275611e+005	
2.47600000e+001	5.86244374e+005	
2.48000000e+001	5.82037956e+005	
2.48400000e+001	5.77831538e+005	
2.48800000e+001	5.73625120e+005	
2.49200000e+001	5.69418701e+005	
2.49600000e+001	5.65585582e+005	
2.50000000e+001	5.61779243e+005	
2.50400000e+001	5.57972904e+005	
2.50800000e+001	5.54089221e+005	
2.51200000e+001	5.50417482e+005	
2.51600000e+001	5.46738966e+005	
2.52000000e+001	5.43060450e+005	
2.52400000e+001	5.39454728e+005	
2.52800000e+001	5.36086118e+005	
2.53200000e+001	5.32686994e+005	
2.53600000e+001	5.29249021e+005	
2.54000000e+001	5.25811048e+005	
2.54400000e+001	5.22542521e+005	
2.54800000e+001	5.19320494e+005	
2.55200000e+001	5.16121742e+005	
2.55600000e+001	5.12940632e+005	
2.56000000e+001	5.09804603e+005	
2.56400000e+001	5.06809303e+005	
2.56800000e+001	5.03870163e+005	
2.57200000e+001	5.00964108e+005	
2.57600000e+001	4.98058052e+005	
2.58000000e+001	4.95080345e+005	
2.58400000e+001	4.92115357e+005	
2.58800000e+001	4.89339958e+005	
2.59200000e+001	4.86585113e+005	
2.59600000e+001	4.83833806e+005	
2.60000000e+001	4.81157361e+005	
2.60400000e+001	4.78516803e+005	
2.60800000e+001	4.75876245e+005	
2.61200000e+001	4.73272763e+005	
2.61600000e+001	4.70696377e+005	
2.62000000e+001	4.68131959e+005	
2.62400000e+001	4.65696861e+005	
2.62800000e+001	4.63261763e+005	
2.63200000e+001	4.60856498e+005	
2.63600000e+001	4.58508133e+005	
2.64000000e+001	4.56163438e+005	
2.64400000e+001	4.53818742e+005	
2.64800000e+001	4.51521129e+005	
2.65200000e+001	4.49241954e+005	
2.65600000e+001	4.46962779e+005	
2.66000000e+001	4.44795631e+005	
2.66400000e+001	4.42657955e+005	
2.66800000e+001	4.40488461e+005	
2.67200000e+001	4.38319471e+005	
2.67600000e+001	4.36286203e+005	
2.68000000e+001	4.34216405e+005	
2.68400000e+001	4.32132914e+005	
2.68800000e+001	4.30113118e+005	
2.69200000e+001	4.28156209e+005	
2.69600000e+001	4.26199300e+005	
2.70000000e+001	4.24247112e+005	
2.70400000e+001	4.22308603e+005	
2.70800000e+001	4.20370093e+005	
2.71200000e+001	4.18512105e+005	
2.71600000e+001	4.16705743e+005	
2.72000000e+001	4.14886107e+005	
2.72400000e+001	4.13060093e+005	
2.72800000e+001	4.11269791e+005	
2.73200000e+001	4.09543325e+005	
2.73600000e+001	4.07816859e+005	
2.74000000e+001	4.06085876e+005	
2.74400000e+001	4.04378750e+005	
2.74800000e+001	4.02710846e+005	
2.75200000e+001	4.01023501e+005	
2.75600000e+001	3.99408568e+005	
2.76000000e+001	3.97818265e+005	
2.76400000e+001	3.96235648e+005	
2.76800000e+001	3.94653031e+005	
2.77200000e+001	3.93070414e+005	
2.77600000e+001	3.91478347e+005	
2.78000000e+001	3.89953426e+005	
2.78400000e+001	3.88456502e+005	
2.78800000e+001	3.86955736e+005	
2.79200000e+001	3.85475831e+005	
2.79600000e+001	3.84028268e+005	
2.80000000e+001	3.82580706e+005	
2.80400000e+001	3.81132153e+005	
2.80800000e+001	3.79731849e+005	
2.81200000e+001	3.78343596e+005	
2.81600000e+001	3.76955344e+005	
2.82000000e+001	3.75569069e+005	
2.82400000e+001	3.74217644e+005	
2.82800000e+001	3.72894478e+005	
2.83200000e+001	3.71571312e+005	
2.83600000e+001	3.70261584e+005	
2.84000000e+001	3.68968559e+005	
2.84400000e+001	3.67697045e+005	
2.84800000e+001	3.66442401e+005	
2.85200000e+001	3.65187758e+005	
2.85600000e+001	3.63935666e+005	
2.86000000e+001	3.62697715e+005	
2.86400000e+001	3.61508575e+005	
2.86800000e+001	3.60316536e+005	
2.87200000e+001	3.59120084e+005	
2.87600000e+001	3.57946351e+005	
2.88000000e+001	3.56800797e+005	
2.88400000e+001	3.55647308e+005	
2.88800000e+001	3.54508366e+005	
2.89200000e+001	3.53402958e+005	
2.89600000e+001	3.52295430e+005	
2.90000000e+001	3.51193652e+005	
2.90400000e+001	3.50110785e+005	
2.90800000e+001	3.49017097e+005	
2.91200000e+001	3.47941247e+005	
2.91600000e+001	3.46898460e+005	
2.92000000e+001	3.45858634e+005	
2.92400000e+001	3.44818807e+005	
2.92800000e+001	3.43801307e+005	
2.93200000e+001	3.42786707e+005	
2.93600000e+001	3.41793803e+005	
2.94000000e+001	3.40813885e+005	
2.94400000e+001	3.39828996e+005	
2.94800000e+001	3.38844107e+005	
2.95200000e+001	3.37874000e+005	
2.95600000e+001	3.36931322e+005	
2.96000000e+001	3.35998615e+005	
2.96400000e+001	3.35065908e+005	
2.96800000e+001	3.34131645e+005	
2.97200000e+001	3.33218565e+005	
2.97600000e+001	3.32328637e+005	
2.98000000e+001	3.31426815e+005	
2.98400000e+001	3.30522807e+005	
2.98800000e+001	3.29662078e+005	
2.99200000e+001	3.28805644e+005	
2.99600000e+001	3.27949211e+005	
3.00000000e+001	3.27089507e+005	
3.00400000e+001	3.26247862e+005	
3.00800000e+001	3.25429931e+005	
3.01200000e+001	3.24605789e+005	
3.01600000e+001	3.23781648e+005	
3.02000000e+001	3.22957506e+005	
3.02400000e+001	3.22143235e+005	
3.02800000e+001	3.21364433e+005	
3.03200000e+001	3.20579985e+005	
3.03600000e+001	3.19790202e+005	
3.04000000e+001	3.19014872e+005	
3.04400000e+001	3.18252300e+005	
3.04800000e+001	3.17492433e+005	
3.05200000e+001	3.16739343e+005	
3.05600000e+001	3.16011257e+005	
3.06000000e+001	3.15282579e+005	
3.06400000e+001	3.14553619e+005	
3.06800000e+001	3.13825370e+005	
3.07200000e+001	3.13119163e+005	
3.07600000e+001	3.12412955e+005	
3.08000000e+001	3.11708498e+005	
3.08400000e+001	3.11005595e+005	
3.08800000e+001	3.10331073e+005	
3.09200000e+001	3.09660163e+005	
3.09600000e+001	3.08989253e+005	
3.10000000e+001	3.08315975e+005	
3.10400000e+001	3.07651615e+005	
3.10800000e+001	3.06999821e+005	
3.11200000e+001	3.06348026e+005	
3.11600000e+001	3.05696231e+005	
3.12000000e+001	3.05056998e+005	
3.12400000e+001	3.04438842e+005	
3.12800000e+001	3.03823097e+005	
3.13200000e+001	3.03196990e+005	
3.13600000e+001	3.02574335e+005	
3.14000000e+001	3.01976840e+005	
3.14400000e+001	3.01380475e+005	
3.14800000e+001	3.00785066e+005	
3.15200000e+001	3.00189656e+005	
3.15600000e+001	2.99616580e+005	
3.16000000e+001	2.99047429e+005	
3.16400000e+001	2.98478278e+005	
3.16800000e+001	2.97898052e+005	
3.17200000e+001	2.97331245e+005	
3.17600000e+001	2.96780021e+005	
3.18000000e+001	2.96228796e+005	
3.18400000e+001	2.95677681e+005	
3.18800000e+001	2.95128492e+005	
3.19200000e+001	2.94598955e+005	
3.19600000e+001	2.94069418e+005	
3.20000000e+001	2.93538412e+005	
3.20400000e+001	2.93012926e+005	
3.20800000e+001	2.92503423e+005	
3.21200000e+001	2.91999734e+005	
3.21600000e+001	2.91499134e+005	
3.22000000e+001	2.90998535e+005	
3.22400000e+001	2.90497936e+005	
3.22800000e+001	2.90003137e+005	
3.23200000e+001	2.89517205e+005	
3.23600000e+001	2.89031272e+005	
3.24000000e+001	2.88551019e+005	
3.24400000e+001	2.88083390e+005	
3.24800000e+001	2.87615761e+005	
3.25200000e+001	2.87147766e+005	
3.25600000e+001	2.86687171e+005	
3.26000000e+001	2.86230433e+005	
3.26400000e+001	2.85773694e+005	
3.26800000e+001	2.85323204e+005	
3.27200000e+001	2.84885887e+005	
3.27600000e+001	2.84448353e+005	
3.28000000e+001	2.84006339e+005	
3.28400000e+001	2.83582865e+005	
3.28800000e+001	2.83159390e+005	
3.29200000e+001	2.82735390e+005	
3.29600000e+001	2.82312830e+005	
3.30000000e+001	2.81901371e+005	
3.30400000e+001	2.81488986e+005	
3.30800000e+001	2.81076600e+005	
3.31200000e+001	2.80671214e+005	
3.31600000e+001	2.80277991e+005	
3.32000000e+001	2.79884679e+005	
3.32400000e+001	2.79486244e+005	
3.32800000e+001	2.79100679e+005	
3.33200000e+001	2.78716891e+005	
3.33600000e+001	2.78333185e+005	
3.34000000e+001	2.77957797e+005	
3.34400000e+001	2.77586391e+005	
3.34800000e+001	2.77214985e+005	
3.35200000e+001	2.76845609e+005	
3.35600000e+001	2.76481332e+005	
3.36000000e+001	2.76117678e+005	
3.36400000e+001	2.75765618e+005	
3.36800000e+001	2.75414797e+005	
3.37200000e+001	2.75064555e+005	
3.37600000e+001	2.74714261e+005	
3.38000000e+001	2.74375060e+005	
3.38400000e+001	2.74038797e+005	
3.38800000e+001	2.73702820e+005	
3.39200000e+001	2.73369028e+005	
3.39600000e+001	2.73044678e+005	
3.40000000e+001	2.72719422e+005	
3.40400000e+001	2.72394211e+005	
3.40800000e+001	2.72070279e+005	
3.41200000e+001	2.71754537e+005	
3.41600000e+001	2.71446013e+005	
3.42000000e+001	2.71135040e+005	
3.42400000e+001	2.70822885e+005	
3.42800000e+001	2.70524580e+005	
3.43200000e+001	2.70226274e+005	
3.43600000e+001	2.69927969e+005	
3.44000000e+001	2.69630923e+005	
3.44400000e+001	2.69334951e+005	
3.44800000e+001	2.69038980e+005	
3.45200000e+001	2.68755861e+005	
3.45600000e+001	2.68476136e+005	
3.46000000e+001	2.68195760e+005	
3.46400000e+001	2.67913072e+005	
3.46800000e+001	2.67641662e+005	
3.47200000e+001	2.67372212e+005	
3.47600000e+001	2.67102762e+005	
3.48000000e+001	2.66833311e+005	
3.48400000e+001	2.66570821e+005	
3.48800000e+001	2.66312546e+005	
3.49200000e+001	2.66056639e+005	
3.49600000e+001	2.65797459e+005	
3.50000000e+001	2.65545592e+005	
3.50400000e+001	2.65299046e+005	
3.50800000e+001	2.65052499e+005	
3.51200000e+001	2.64806749e+005	
3.51600000e+001	2.64565397e+005	
3.52000000e+001	2.64324046e+005	
3.52400000e+001	2.64082694e+005	
3.52800000e+001	2.63849342e+005	
3.53200000e+001	2.63618924e+005	
3.53600000e+001	2.63389115e+005	
3.54000000e+001	2.63163154e+005	
3.54400000e+001	2.62942828e+005	
3.54800000e+001	2.62718945e+005	
3.55200000e+001	2.62494988e+005	
3.55600000e+001	2.62278043e+005	
3.56000000e+001	2.62066892e+005	
3.56400000e+001	2.61853648e+005	
3.56800000e+001	2.61645687e+005	
3.57200000e+001	2.61442640e+005	
3.57600000e+001	2.61237956e+005	
3.58000000e+001	2.61031933e+005	
3.58400000e+001	2.60826565e+005	
3.58800000e+001	2.60632101e+005	
3.59200000e+001	2.60436476e+005	
3.59600000e+001	2.60240851e+005	
3.60000000e+001	2.60054502e+005	
3.60400000e+001	2.59865717e+005	
3.60800000e+001	2.59679367e+005	
3.61200000e+001	2.59494779e+005	
3.61600000e+001	2.59313458e+005	
3.62000000e+001	2.59132754e+005	
3.62400000e+001	2.58957931e+005	
3.62800000e+001	2.58784302e+005	
3.63200000e+001	2.58609752e+005	
3.63600000e+001	2.58435865e+005	
3.64000000e+001	2.58269939e+005	
3.64400000e+001	2.58104013e+005	
3.64800000e+001	2.57939275e+005	
3.65200000e+001	2.57778543e+005	
3.65600000e+001	2.57620228e+005	
3.66000000e+001	2.57461914e+005	
3.66400000e+001	2.57306812e+005	
3.66800000e+001	2.57157015e+005	
3.67200000e+001	2.57007081e+005	
3.67600000e+001	2.56857146e+005	
3.68000000e+001	2.56707211e+005	
3.68400000e+001	2.56557569e+005	
3.68800000e+001	2.56415514e+005	
3.69200000e+001	2.56274212e+005	
3.69600000e+001	2.56135200e+005	
3.70000000e+001	2.56000641e+005	
3.70400000e+001	2.55867810e+005	
3.70800000e+001	2.55734978e+005	
3.71200000e+001	2.55603495e+005	
3.71600000e+001	2.55476255e+005	
3.72000000e+001	2.55348832e+005	
3.72400000e+001	2.55221408e+005	
3.72800000e+001	2.55096387e+005	
3.73200000e+001	2.54976756e+005	
3.73600000e+001	2.54858292e+005	
3.74000000e+001	2.54740159e+005	
3.74400000e+001	2.54628652e+005	
3.74800000e+001	2.54515998e+005	
3.75200000e+001	2.54403117e+005	
3.75600000e+001	2.54290235e+005	
3.76000000e+001	2.54182066e+005	
3.76400000e+001	2.54077151e+005	
3.76800000e+001	2.53974919e+005	
3.77200000e+001	2.53872688e+005	
3.77600000e+001	2.53770987e+005	
3.78000000e+001	2.53675834e+005	
3.78400000e+001	2.53580848e+005	
3.78800000e+001	2.53485981e+005	
3.79200000e+001	2.53392003e+005	
3.79600000e+001	2.53304442e+005	
3.80000000e+001	2.53216882e+005	
3.80400000e+001	2.53127696e+005	
3.80800000e+001	2.53044216e+005	
3.81200000e+001	2.52963163e+005	
3.81600000e+001	2.52880738e+005	
3.82000000e+001	2.52798313e+005	
3.82400000e+001	2.52720197e+005	
3.82800000e+001	2.52646964e+005	
3.83200000e+001	2.52573731e+005	
3.83600000e+001	2.52499886e+005	
3.84000000e+001	2.52425986e+005	
3.84400000e+001	2.52358048e+005	
3.84800000e+001	2.52293788e+005	
3.85200000e+001	2.52229528e+005	
3.85600000e+001	2.52163247e+005	
3.86000000e+001	2.52103877e+005	
3.86400000e+001	2.52045616e+005	
3.86800000e+001	2.51985887e+005	
3.87200000e+001	2.51929566e+005	
3.87600000e+001	2.51876160e+005	
3.88000000e+001	2.51822119e+005	
3.88400000e+001	2.51770258e+005	
3.88800000e+001	2.51723266e+005	
3.89200000e+001	2.51676273e+005	
3.89600000e+001	2.51631347e+005	
3.90000000e+001	2.51588270e+005	
3.90400000e+001	2.51544824e+005	
3.90800000e+001	2.51502531e+005	
3.91200000e+001	2.51465336e+005	
3.91600000e+001	2.51428008e+005	
3.92000000e+001	2.51390680e+005	
3.92400000e+001	2.51356992e+005	
3.92800000e+001	2.51326825e+005	
3.93200000e+001	2.51296657e+005	
3.93600000e+001	2.51266869e+005	
3.94000000e+001	2.51243737e+005	
3.94400000e+001	2.51219590e+005	
3.94800000e+001	2.51194503e+005	
3.95200000e+001	2.51173100e+005	
3.95600000e+001	2.51155864e+005	
3.96000000e+001	2.51138627e+005	
3.96400000e+001	2.51120815e+005	
3.96800000e+001	2.51104105e+005	
3.97200000e+001	2.51092477e+005	
3.97600000e+001	2.51079820e+005	
3.98000000e+001	2.51072186e+005	
3.98400000e+001	2.51062986e+005	
3.98800000e+001	2.51058238e+005	
3.99200000e+001	2.51053159e+005	
3.99600000e+001	2.51050411e+005	
4.00000000e+001	2.51049512e+005	
