% Column 0: Length, mm
% Column 1: E.n, V/m
0.00000000e+000	-1.63062186e+007	
4.00000000e-002	-1.63064414e+007	
8.00000000e-002	-1.63069621e+007	
1.20000000e-001	-1.63083243e+007	
1.60000000e-001	-1.63098506e+007	
2.00000000e-001	-1.63118662e+007	
2.40000000e-001	-1.63139266e+007	
2.80000000e-001	-1.63159871e+007	
3.20000000e-001	-1.63182411e+007	
3.60000000e-001	-1.63220862e+007	
4.00000000e-001	-1.63259313e+007	
4.40000000e-001	-1.63294562e+007	
4.80000000e-001	-1.63328024e+007	
5.20000000e-001	-1.63377310e+007	
5.60000000e-001	-1.63418454e+007	
6.00000000e-001	-1.63459355e+007	
6.40000000e-001	-1.63511625e+007	
6.80000000e-001	-1.63563795e+007	
7.20000000e-001	-1.63613852e+007	
7.60000000e-001	-1.63677090e+007	
8.00000000e-001	-1.63744423e+007	
8.40000000e-001	-1.63808965e+007	
8.80000000e-001	-1.63871559e+007	
9.20000000e-001	-1.63952458e+007	
9.60000000e-001	-1.64030256e+007	
1.00000000e+000	-1.64108053e+007	
1.04000000e+000	-1.64181066e+007	
1.08000000e+000	-1.64253271e+007	
1.12000000e+000	-1.64326312e+007	
1.16000000e+000	-1.64422412e+007	
1.20000000e+000	-1.64535903e+007	
1.24000000e+000	-1.64651562e+007	
1.28000000e+000	-1.64758213e+007	
1.32000000e+000	-1.64889088e+007	
1.36000000e+000	-1.65019963e+007	
1.40000000e+000	-1.65148704e+007	
1.44000000e+000	-1.65266771e+007	
1.48000000e+000	-1.65375493e+007	
1.52000000e+000	-1.65484216e+007	
1.56000000e+000	-1.65592938e+007	
1.60000000e+000	-1.65740842e+007	
1.64000000e+000	-1.65895184e+007	
1.68000000e+000	-1.66049526e+007	
1.72000000e+000	-1.66203593e+007	
1.76000000e+000	-1.66355790e+007	
1.80000000e+000	-1.66507636e+007	
1.84000000e+000	-1.66659481e+007	
1.88000000e+000	-1.66820991e+007	
1.92000000e+000	-1.66951858e+007	
1.96000000e+000	-1.67057749e+007	
2.00000000e+000	-1.67199534e+007	
2.04000000e+000	-1.67399911e+007	
2.08000000e+000	-1.67600721e+007	
2.12000000e+000	-1.67809879e+007	
2.16000000e+000	-1.68013933e+007	
2.20000000e+000	-1.68217987e+007	
2.24000000e+000	-1.68422041e+007	
2.28000000e+000	-1.68628978e+007	
2.32000000e+000	-1.68854535e+007	
2.36000000e+000	-1.69046790e+007	
2.40000000e+000	-1.69239045e+007	
2.44000000e+000	-1.69467272e+007	
2.48000000e+000	-1.69705233e+007	
2.52000000e+000	-1.69953878e+007	
2.56000000e+000	-1.70105228e+007	
2.60000000e+000	-1.70256579e+007	
2.64000000e+000	-1.70407929e+007	
2.68000000e+000	-1.70647519e+007	
2.72000000e+000	-1.70897536e+007	
2.76000000e+000	-1.71147553e+007	
2.80000000e+000	-1.71397570e+007	
2.84000000e+000	-1.71646244e+007	
2.88000000e+000	-1.71890342e+007	
2.92000000e+000	-1.72134441e+007	
2.96000000e+000	-1.72378729e+007	
3.00000000e+000	-1.72696817e+007	
3.04000000e+000	-1.73017709e+007	
3.08000000e+000	-1.73306026e+007	
3.12000000e+000	-1.73522621e+007	
3.16000000e+000	-1.73846242e+007	
3.20000000e+000	-1.74159360e+007	
3.24000000e+000	-1.74405664e+007	
3.28000000e+000	-1.74726694e+007	
3.32000000e+000	-1.75055434e+007	
3.36000000e+000	-1.75440391e+007	
3.40000000e+000	-1.75801917e+007	
3.44000000e+000	-1.76039777e+007	
3.48000000e+000	-1.76277637e+007	
3.52000000e+000	-1.76515497e+007	
3.56000000e+000	-1.76821859e+007	
3.60000000e+000	-1.77162125e+007	
3.64000000e+000	-1.77538129e+007	
3.68000000e+000	-1.77923690e+007	
3.72000000e+000	-1.78274471e+007	
3.76000000e+000	-1.78526527e+007	
3.80000000e+000	-1.78803409e+007	
3.84000000e+000	-1.79241636e+007	
3.88000000e+000	-1.79668887e+007	
3.92000000e+000	-1.80050597e+007	
3.96000000e+000	-1.80343186e+007	
4.00000000e+000	-1.80617107e+007	
4.04000000e+000	-1.80891029e+007	
4.08000000e+000	-1.81323714e+007	
4.12000000e+000	-1.81821461e+007	
4.16000000e+000	-1.82326526e+007	
4.20000000e+000	-1.82814716e+007	
4.24000000e+000	-1.83182108e+007	
4.28000000e+000	-1.83558220e+007	
4.32000000e+000	-1.84011066e+007	
4.36000000e+000	-1.84372825e+007	
4.40000000e+000	-1.84637652e+007	
4.44000000e+000	-1.84997061e+007	
4.48000000e+000	-1.85434255e+007	
4.52000000e+000	-1.85871450e+007	
4.56000000e+000	-1.86352052e+007	
4.60000000e+000	-1.86837810e+007	
4.64000000e+000	-1.87316801e+007	
4.68000000e+000	-1.87862554e+007	
4.72000000e+000	-1.88455012e+007	
4.76000000e+000	-1.88786247e+007	
4.80000000e+000	-1.89191414e+007	
4.84000000e+000	-1.89752172e+007	
4.88000000e+000	-1.90266177e+007	
4.92000000e+000	-1.90732854e+007	
4.96000000e+000	-1.91096021e+007	
5.00000000e+000	-1.91459194e+007	
5.04000000e+000	-1.92071594e+007	
5.08000000e+000	-1.92684003e+007	
5.12000000e+000	-1.93291641e+007	
5.16000000e+000	-1.93882160e+007	
5.20000000e+000	-1.94494682e+007	
5.24000000e+000	-1.95121416e+007	
5.28000000e+000	-1.95606154e+007	
5.32000000e+000	-1.96086175e+007	
5.36000000e+000	-1.96566197e+007	
5.40000000e+000	-1.97046218e+007	
5.44000000e+000	-1.97528640e+007	
5.48000000e+000	-1.98154787e+007	
5.52000000e+000	-1.98821129e+007	
5.56000000e+000	-1.99441733e+007	
5.60000000e+000	-1.99993976e+007	
5.64000000e+000	-2.00607359e+007	
5.68000000e+000	-2.01220742e+007	
5.72000000e+000	-2.01834071e+007	
5.76000000e+000	-2.02486144e+007	
5.80000000e+000	-2.03152280e+007	
5.84000000e+000	-2.03818417e+007	
5.88000000e+000	-2.04507610e+007	
5.92000000e+000	-2.05213545e+007	
5.96000000e+000	-2.05920773e+007	
6.00000000e+000	-2.06628001e+007	
6.04000000e+000	-2.07316650e+007	
6.08000000e+000	-2.07970943e+007	
6.12000000e+000	-2.08618860e+007	
6.16000000e+000	-2.09263466e+007	
6.20000000e+000	-2.09993019e+007	
6.24000000e+000	-2.10697481e+007	
6.28000000e+000	-2.11401942e+007	
6.32000000e+000	-2.12305515e+007	
6.36000000e+000	-2.13239677e+007	
6.40000000e+000	-2.14008342e+007	
6.44000000e+000	-2.14591343e+007	
6.48000000e+000	-2.15162021e+007	
6.52000000e+000	-2.15842895e+007	
6.56000000e+000	-2.16722629e+007	
6.60000000e+000	-2.17351654e+007	
6.64000000e+000	-2.18367886e+007	
6.68000000e+000	-2.19174122e+007	
6.72000000e+000	-2.19895969e+007	
6.76000000e+000	-2.20477235e+007	
6.80000000e+000	-2.21646971e+007	
6.84000000e+000	-2.22850719e+007	
6.88000000e+000	-2.23557305e+007	
6.92000000e+000	-2.24120402e+007	
6.96000000e+000	-2.24860689e+007	
7.00000000e+000	-2.25838370e+007	
7.04000000e+000	-2.26816051e+007	
7.08000000e+000	-2.27696839e+007	
7.12000000e+000	-2.28403354e+007	
7.16000000e+000	-2.29211120e+007	
7.20000000e+000	-2.29994088e+007	
7.24000000e+000	-2.30777056e+007	
7.28000000e+000	-2.31513892e+007	
7.32000000e+000	-2.32597691e+007	
7.36000000e+000	-2.33763027e+007	
7.40000000e+000	-2.34703304e+007	
7.44000000e+000	-2.35643582e+007	
7.48000000e+000	-2.36483104e+007	
7.52000000e+000	-2.37167906e+007	
7.56000000e+000	-2.37758496e+007	
7.60000000e+000	-2.38931728e+007	
7.64000000e+000	-2.40062418e+007	
7.68000000e+000	-2.41160082e+007	
7.72000000e+000	-2.42565318e+007	
7.76000000e+000	-2.43923582e+007	
7.80000000e+000	-2.45031489e+007	
7.84000000e+000	-2.45991297e+007	
7.88000000e+000	-2.46951105e+007	
7.92000000e+000	-2.48350298e+007	
7.96000000e+000	-2.49581897e+007	
8.00000000e+000	-2.50813496e+007	
8.04000000e+000	-2.51973139e+007	
8.08000000e+000	-2.53087544e+007	
8.12000000e+000	-2.53867418e+007	
8.16000000e+000	-2.54664574e+007	
8.20000000e+000	-2.55922416e+007	
8.24000000e+000	-2.57180258e+007	
8.28000000e+000	-2.58438100e+007	
8.32000000e+000	-2.59546434e+007	
8.36000000e+000	-2.60967934e+007	
8.40000000e+000	-2.62335337e+007	
8.44000000e+000	-2.63722260e+007	
8.48000000e+000	-2.65381975e+007	
8.52000000e+000	-2.66908441e+007	
8.56000000e+000	-2.68237491e+007	
8.60000000e+000	-2.69510863e+007	
8.64000000e+000	-2.70964988e+007	
8.68000000e+000	-2.72419113e+007	
8.72000000e+000	-2.73457347e+007	
8.76000000e+000	-2.74384702e+007	
8.80000000e+000	-2.75312056e+007	
8.84000000e+000	-2.76306724e+007	
8.88000000e+000	-2.78077778e+007	
8.92000000e+000	-2.79844661e+007	
8.96000000e+000	-2.81611543e+007	
9.00000000e+000	-2.83330256e+007	
9.04000000e+000	-2.84999991e+007	
9.08000000e+000	-2.86669726e+007	
9.12000000e+000	-2.88339460e+007	
9.16000000e+000	-2.89945808e+007	
9.20000000e+000	-2.90889110e+007	
9.24000000e+000	-2.91816093e+007	
9.28000000e+000	-2.93021365e+007	
9.32000000e+000	-2.94637766e+007	
9.36000000e+000	-2.96254167e+007	
9.40000000e+000	-2.98187013e+007	
9.44000000e+000	-3.00153729e+007	
9.48000000e+000	-3.02081806e+007	
9.52000000e+000	-3.04009882e+007	
9.56000000e+000	-3.06076256e+007	
9.60000000e+000	-3.08146826e+007	
9.64000000e+000	-3.10217396e+007	
9.68000000e+000	-3.12120654e+007	
9.72000000e+000	-3.13725728e+007	
9.76000000e+000	-3.15346052e+007	
9.80000000e+000	-3.16966376e+007	
9.84000000e+000	-3.18586699e+007	
9.88000000e+000	-3.20207023e+007	
9.92000000e+000	-3.22330131e+007	
9.96000000e+000	-3.24549257e+007	
1.00000000e+001	-3.26596024e+007	
1.00400000e+001	-3.28620892e+007	
1.00800000e+001	-3.30626438e+007	
1.01200000e+001	-3.33058588e+007	
1.01600000e+001	-3.35505089e+007	
1.02000000e+001	-3.37770319e+007	
1.02400000e+001	-3.40035548e+007	
1.02800000e+001	-3.41439907e+007	
1.03200000e+001	-3.42710190e+007	
1.03600000e+001	-3.45145461e+007	
1.04000000e+001	-3.47720262e+007	
1.04400000e+001	-3.50290546e+007	
1.04800000e+001	-3.52383284e+007	
1.05200000e+001	-3.54585131e+007	
1.05600000e+001	-3.57103076e+007	
1.06000000e+001	-3.59621021e+007	
1.06400000e+001	-3.62642601e+007	
1.06800000e+001	-3.66057833e+007	
1.07200000e+001	-3.68707969e+007	
1.07600000e+001	-3.70656331e+007	
1.08000000e+001	-3.72604693e+007	
1.08400000e+001	-3.74921899e+007	
1.08800000e+001	-3.77406719e+007	
1.09200000e+001	-3.79891539e+007	
1.09600000e+001	-3.82355586e+007	
1.10000000e+001	-3.84815383e+007	
1.10400000e+001	-3.87275179e+007	
1.10800000e+001	-3.90367751e+007	
1.11200000e+001	-3.93678278e+007	
1.11600000e+001	-3.96988805e+007	
1.12000000e+001	-4.00050236e+007	
1.12400000e+001	-4.02988160e+007	
1.12800000e+001	-4.06050457e+007	
1.13200000e+001	-4.09313588e+007	
1.13600000e+001	-4.12831245e+007	
1.14000000e+001	-4.16306055e+007	
1.14400000e+001	-4.19040927e+007	
1.14800000e+001	-4.21757883e+007	
1.15200000e+001	-4.24452318e+007	
1.15600000e+001	-4.27266579e+007	
1.16000000e+001	-4.30325313e+007	
1.16400000e+001	-4.34225135e+007	
1.16800000e+001	-4.38390737e+007	
1.17200000e+001	-4.42484117e+007	
1.17600000e+001	-4.46180082e+007	
1.18000000e+001	-4.49692028e+007	
1.18400000e+001	-4.53208015e+007	
1.18800000e+001	-4.57320224e+007	
1.19200000e+001	-4.62163482e+007	
1.19600000e+001	-4.67006741e+007	
1.20000000e+001	-4.70564842e+007	
1.20400000e+001	-4.74921249e+007	
1.20800000e+001	-4.79523514e+007	
1.21200000e+001	-4.83382097e+007	
1.21600000e+001	-4.87100873e+007	
1.22000000e+001	-4.91014154e+007	
1.22400000e+001	-4.94760482e+007	
1.22800000e+001	-4.98506810e+007	
1.23200000e+001	-5.02197666e+007	
1.23600000e+001	-5.05772582e+007	
1.24000000e+001	-5.09140410e+007	
1.24400000e+001	-5.12961247e+007	
1.24800000e+001	-5.18447930e+007	
1.25200000e+001	-5.24009294e+007	
1.25600000e+001	-5.29413543e+007	
1.26000000e+001	-5.33841737e+007	
1.26400000e+001	-5.38269932e+007	
1.26800000e+001	-5.42962996e+007	
1.27200000e+001	-5.48329680e+007	
1.27600000e+001	-5.53612496e+007	
1.28000000e+001	-5.59135052e+007	
1.28400000e+001	-5.65484435e+007	
1.28800000e+001	-5.72604964e+007	
1.29200000e+001	-5.77455798e+007	
1.29600000e+001	-5.80502088e+007	
1.30000000e+001	-5.83783937e+007	
1.30400000e+001	-5.91739508e+007	
1.30800000e+001	-6.00307412e+007	
1.31200000e+001	-6.04037793e+007	
1.31600000e+001	-6.07768174e+007	
1.32000000e+001	-6.12574738e+007	
1.32400000e+001	-6.19798055e+007	
1.32800000e+001	-6.26645240e+007	
1.33200000e+001	-6.33492425e+007	
1.33600000e+001	-6.38966611e+007	
1.34000000e+001	-6.47093280e+007	
1.34400000e+001	-6.55219949e+007	
1.34800000e+001	-6.63346619e+007	
1.35200000e+001	-6.71232016e+007	
1.35600000e+001	-6.78486359e+007	
1.36000000e+001	-6.85712391e+007	
1.36400000e+001	-6.92786822e+007	
1.36800000e+001	-6.99851910e+007	
1.37200000e+001	-7.06615039e+007	
1.37600000e+001	-7.13378168e+007	
1.38000000e+001	-7.20141298e+007	
1.38400000e+001	-7.26873593e+007	
1.38800000e+001	-7.36975907e+007	
1.39200000e+001	-7.47459495e+007	
1.39600000e+001	-7.57943083e+007	
1.40000000e+001	-7.68426633e+007	
1.40400000e+001	-7.76416049e+007	
1.40800000e+001	-7.84405432e+007	
1.41200000e+001	-7.92394815e+007	
1.41600000e+001	-8.01689443e+007	
1.42000000e+001	-8.11519717e+007	
1.42400000e+001	-8.20970742e+007	
1.42800000e+001	-8.30185076e+007	
1.43200000e+001	-8.38619562e+007	
1.43600000e+001	-8.49660224e+007	
1.44000000e+001	-8.60700886e+007	
1.44400000e+001	-8.71741547e+007	
1.44800000e+001	-8.82130691e+007	
1.45200000e+001	-8.93850238e+007	
1.45600000e+001	-9.04897534e+007	
1.46000000e+001	-9.15944831e+007	
1.46400000e+001	-9.27395776e+007	
1.46800000e+001	-9.39081566e+007	
1.47200000e+001	-9.50956524e+007	
1.47600000e+001	-9.64365095e+007	
1.48000000e+001	-9.80883507e+007	
1.48400000e+001	-9.97401920e+007	
1.48800000e+001	-1.00969547e+008	
1.49200000e+001	-1.01877755e+008	
1.49600000e+001	-1.03173717e+008	
1.50000000e+001	-1.04753100e+008	
1.50400000e+001	-1.06394988e+008	
1.50800000e+001	-1.08264604e+008	
1.51200000e+001	-1.10350988e+008	
1.51600000e+001	-1.12472465e+008	
1.52000000e+001	-1.14238685e+008	
1.52400000e+001	-1.15402535e+008	
1.52800000e+001	-1.16487447e+008	
1.53200000e+001	-1.17572359e+008	
1.53600000e+001	-1.18702206e+008	
1.54000000e+001	-1.20961785e+008	
1.54400000e+001	-1.22749371e+008	
1.54800000e+001	-1.24411801e+008	
1.55200000e+001	-1.26074232e+008	
1.55600000e+001	-1.27748875e+008	
1.56000000e+001	-1.29704597e+008	
1.56400000e+001	-1.31797477e+008	
1.56800000e+001	-1.33890357e+008	
1.57200000e+001	-1.36145662e+008	
1.57600000e+001	-1.38692877e+008	
1.58000000e+001	-1.41418392e+008	
1.58400000e+001	-1.43768218e+008	
1.58800000e+001	-1.46072433e+008	
1.59200000e+001	-1.48376648e+008	
1.59600000e+001	-1.50761432e+008	
1.60000000e+001	-1.53738507e+008	
1.60400000e+001	-1.56715581e+008	
1.60800000e+001	-1.59621635e+008	
1.61200000e+001	-1.62466153e+008	
1.61600000e+001	-1.65283577e+008	
1.62000000e+001	-1.68101392e+008	
1.62400000e+001	-1.70919206e+008	
1.62800000e+001	-1.73817250e+008	
1.63200000e+001	-1.76818868e+008	
1.63600000e+001	-1.79946024e+008	
1.64000000e+001	-1.83073181e+008	
1.64400000e+001	-1.86750654e+008	
1.64800000e+001	-1.90707665e+008	
1.65200000e+001	-1.94657668e+008	
1.65600000e+001	-1.98522031e+008	
1.66000000e+001	-2.02232999e+008	
1.66400000e+001	-2.05626891e+008	
1.66800000e+001	-2.08991325e+008	
1.67200000e+001	-2.12261000e+008	
1.67600000e+001	-2.15530676e+008	
1.68000000e+001	-2.19108109e+008	
1.68400000e+001	-2.23695670e+008	
1.68800000e+001	-2.28628110e+008	
1.69200000e+001	-2.33553324e+008	
1.69600000e+001	-2.38279298e+008	
1.70000000e+001	-2.43005271e+008	
1.70400000e+001	-2.49816058e+008	
1.70800000e+001	-2.55853693e+008	
1.71200000e+001	-2.61249539e+008	
1.71600000e+001	-2.66645385e+008	
1.72000000e+001	-2.72285436e+008	
1.72400000e+001	-2.78462665e+008	
1.72800000e+001	-2.84639894e+008	
1.73200000e+001	-2.90557940e+008	
1.73600000e+001	-2.96207402e+008	
1.74000000e+001	-3.02332279e+008	
1.74400000e+001	-3.09313750e+008	
1.74800000e+001	-3.17543515e+008	
1.75200000e+001	-3.25773280e+008	
1.75600000e+001	-3.34746413e+008	
1.76000000e+001	-3.45585856e+008	
1.76400000e+001	-3.55708305e+008	
1.76800000e+001	-3.66805766e+008	
1.77200000e+001	-3.74463239e+008	
1.77600000e+001	-3.80703070e+008	
1.78000000e+001	-3.86981627e+008	
1.78400000e+001	-3.93948305e+008	
1.78800000e+001	-4.00914983e+008	
1.79200000e+001	-4.09005874e+008	
1.79600000e+001	-4.22424739e+008	
1.80000000e+001	-4.35830340e+008	
1.80400000e+001	-4.49235942e+008	
1.80800000e+001	-4.59909000e+008	
1.81200000e+001	-4.70393245e+008	
1.81600000e+001	-4.80877490e+008	
1.82000000e+001	-4.95114717e+008	
1.82400000e+001	-5.12315027e+008	
1.82800000e+001	-5.29139975e+008	
1.83200000e+001	-5.45631534e+008	
1.83600000e+001	-5.57058962e+008	
1.84000000e+001	-5.70429456e+008	
1.84400000e+001	-5.84832152e+008	
1.84800000e+001	-5.99428772e+008	
1.85200000e+001	-6.14025392e+008	
1.85600000e+001	-6.28631928e+008	
1.86000000e+001	-6.43252597e+008	
1.86400000e+001	-6.57873265e+008	
1.86800000e+001	-6.75909721e+008	
1.87200000e+001	-6.93982159e+008	
1.87600000e+001	-7.17489952e+008	
1.88000000e+001	-7.39986097e+008	
1.88400000e+001	-7.52732023e+008	
1.88800000e+001	-7.65477949e+008	
1.89200000e+001	-7.91206030e+008	
1.89600000e+001	-8.23940020e+008	
1.90000000e+001	-8.49331064e+008	
1.90400000e+001	-8.69699575e+008	
1.90800000e+001	-8.88859095e+008	
1.91200000e+001	-9.08018614e+008	
1.91600000e+001	-9.26562529e+008	
1.92000000e+001	-9.44863069e+008	
1.92400000e+001	-9.64171580e+008	
1.92800000e+001	-9.83480090e+008	
1.93200000e+001	-1.00278860e+009	
1.93600000e+001	-1.02168381e+009	
1.94000000e+001	-1.03781226e+009	
1.94400000e+001	-1.05394070e+009	
1.94800000e+001	-1.07225705e+009	
1.95200000e+001	-1.09105102e+009	
1.95600000e+001	-1.11003975e+009	
1.96000000e+001	-1.12610440e+009	
1.96400000e+001	-1.13873147e+009	
1.96800000e+001	-1.15222846e+009	
1.97200000e+001	-1.16572545e+009	
1.97600000e+001	-1.17498105e+009	
1.98000000e+001	-1.18144479e+009	
1.98400000e+001	-1.18790854e+009	
1.98800000e+001	-1.19367880e+009	
1.99200000e+001	-1.19741649e+009	
1.99600000e+001	-1.20134461e+009	
2.00000000e+001	-1.20350289e+009	
2.00400000e+001	-1.20159403e+009	
2.00800000e+001	-1.19958529e+009	
2.01200000e+001	-1.19660551e+009	
2.01600000e+001	-1.19175199e+009	
2.02000000e+001	-1.18522714e+009	
2.02400000e+001	-1.17870228e+009	
2.02800000e+001	-1.17353964e+009	
2.03200000e+001	-1.16233168e+009	
2.03600000e+001	-1.14600822e+009	
2.04000000e+001	-1.13031896e+009	
2.04400000e+001	-1.11482847e+009	
2.04800000e+001	-1.09782414e+009	
2.05200000e+001	-1.08081982e+009	
2.05600000e+001	-1.06381549e+009	
2.06000000e+001	-1.04695889e+009	
2.06400000e+001	-1.02643710e+009	
2.06800000e+001	-1.00498904e+009	
2.07200000e+001	-9.83540966e+008	
2.07600000e+001	-9.62092897e+008	
2.08000000e+001	-9.40914777e+008	
2.08400000e+001	-9.19894394e+008	
2.08800000e+001	-8.98969497e+008	
2.09200000e+001	-8.78103105e+008	
2.09600000e+001	-8.58559531e+008	
2.10000000e+001	-8.39460702e+008	
2.10400000e+001	-8.18700460e+008	
2.10800000e+001	-7.90907708e+008	
2.11200000e+001	-7.68083986e+008	
2.11600000e+001	-7.48474388e+008	
2.12000000e+001	-7.34053989e+008	
2.12400000e+001	-7.18714056e+008	
2.12800000e+001	-6.96384765e+008	
2.13200000e+001	-6.77275542e+008	
2.13600000e+001	-6.60495263e+008	
2.14000000e+001	-6.43018360e+008	
2.14400000e+001	-6.25196518e+008	
2.14800000e+001	-6.05623897e+008	
2.15200000e+001	-5.90852067e+008	
2.15600000e+001	-5.79665813e+008	
2.16000000e+001	-5.68479559e+008	
2.16400000e+001	-5.57293304e+008	
2.16800000e+001	-5.46115776e+008	
2.17200000e+001	-5.30710262e+008	
2.17600000e+001	-5.13447889e+008	
2.18000000e+001	-4.96185515e+008	
2.18400000e+001	-4.81243236e+008	
2.18800000e+001	-4.69182107e+008	
2.19200000e+001	-4.57813581e+008	
2.19600000e+001	-4.46445055e+008	
2.20000000e+001	-4.37695380e+008	
2.20400000e+001	-4.29168266e+008	
2.20800000e+001	-4.20641151e+008	
2.21200000e+001	-4.12114037e+008	
2.21600000e+001	-4.02775767e+008	
2.22000000e+001	-3.91866745e+008	
2.22400000e+001	-3.80957724e+008	
2.22800000e+001	-3.70184254e+008	
2.23200000e+001	-3.60206051e+008	
2.23600000e+001	-3.50005150e+008	
2.24000000e+001	-3.39804250e+008	
2.24400000e+001	-3.32490377e+008	
2.24800000e+001	-3.25533218e+008	
2.25200000e+001	-3.19563305e+008	
2.25600000e+001	-3.11533209e+008	
2.26000000e+001	-3.02873667e+008	
2.26400000e+001	-2.94410047e+008	
2.26800000e+001	-2.88016213e+008	
2.27200000e+001	-2.82884646e+008	
2.27600000e+001	-2.77753078e+008	
2.28000000e+001	-2.72621511e+008	
2.28400000e+001	-2.67184137e+008	
2.28800000e+001	-2.61607798e+008	
2.29200000e+001	-2.56031459e+008	
2.29600000e+001	-2.50455120e+008	
2.30000000e+001	-2.45356977e+008	
2.30400000e+001	-2.40275104e+008	
2.30800000e+001	-2.35193231e+008	
2.31200000e+001	-2.30156022e+008	
2.31600000e+001	-2.25886893e+008	
2.32000000e+001	-2.21307859e+008	
2.32400000e+001	-2.16577980e+008	
2.32800000e+001	-2.12809331e+008	
2.33200000e+001	-2.09529615e+008	
2.33600000e+001	-2.06228795e+008	
2.34000000e+001	-2.02915916e+008	
2.34400000e+001	-1.98612134e+008	
2.34800000e+001	-1.92691437e+008	
2.35200000e+001	-1.87560723e+008	
2.35600000e+001	-1.85364813e+008	
2.36000000e+001	-1.83144731e+008	
2.36400000e+001	-1.80627593e+008	
2.36800000e+001	-1.77915811e+008	
2.37200000e+001	-1.74828936e+008	
2.37600000e+001	-1.71446720e+008	
2.38000000e+001	-1.66912227e+008	
2.38400000e+001	-1.63439295e+008	
2.38800000e+001	-1.60051449e+008	
2.39200000e+001	-1.56942398e+008	
2.39600000e+001	-1.54769901e+008	
2.40000000e+001	-1.52669158e+008	
2.40400000e+001	-1.50522822e+008	
2.40800000e+001	-1.48376486e+008	
2.41200000e+001	-1.46230150e+008	
2.41600000e+001	-1.43902274e+008	
2.42000000e+001	-1.41563942e+008	
2.42400000e+001	-1.39269484e+008	
2.42800000e+001	-1.36975027e+008	
2.43200000e+001	-1.34648864e+008	
2.43600000e+001	-1.32304852e+008	
2.44000000e+001	-1.29991985e+008	
2.44400000e+001	-1.27713893e+008	
2.44800000e+001	-1.26043634e+008	
2.45200000e+001	-1.24414078e+008	
2.45600000e+001	-1.22890604e+008	
2.46000000e+001	-1.21488908e+008	
2.46400000e+001	-1.20087213e+008	
2.46800000e+001	-1.18659486e+008	
2.47200000e+001	-1.17185278e+008	
2.47600000e+001	-1.15406502e+008	
2.48000000e+001	-1.13438239e+008	
2.48400000e+001	-1.11469977e+008	
2.48800000e+001	-1.09580739e+008	
2.49200000e+001	-1.07921040e+008	
2.49600000e+001	-1.06067449e+008	
2.50000000e+001	-1.04164353e+008	
2.50400000e+001	-1.02472162e+008	
2.50800000e+001	-1.00993604e+008	
2.51200000e+001	-9.98726692e+007	
2.51600000e+001	-9.87517343e+007	
2.52000000e+001	-9.76307994e+007	
2.52400000e+001	-9.65098646e+007	
2.52800000e+001	-9.54430466e+007	
2.53200000e+001	-9.44133945e+007	
2.53600000e+001	-9.33837424e+007	
2.54000000e+001	-9.23540903e+007	
2.54400000e+001	-9.11005917e+007	
2.54800000e+001	-8.96104799e+007	
2.55200000e+001	-8.81189120e+007	
2.55600000e+001	-8.68906442e+007	
2.56000000e+001	-8.58657100e+007	
2.56400000e+001	-8.48476288e+007	
2.56800000e+001	-8.39021588e+007	
2.57200000e+001	-8.30160113e+007	
2.57600000e+001	-8.21298638e+007	
2.58000000e+001	-8.12437162e+007	
2.58400000e+001	-8.02634841e+007	
2.58800000e+001	-7.94349295e+007	
2.59200000e+001	-7.86063749e+007	
2.59600000e+001	-7.77778204e+007	
2.60000000e+001	-7.69492704e+007	
2.60400000e+001	-7.59492618e+007	
2.60800000e+001	-7.49492477e+007	
2.61200000e+001	-7.39492336e+007	
2.61600000e+001	-7.29918548e+007	
2.62000000e+001	-7.21857825e+007	
2.62400000e+001	-7.14027254e+007	
2.62800000e+001	-7.06196684e+007	
2.63200000e+001	-6.98086198e+007	
2.63600000e+001	-6.89660045e+007	
2.64000000e+001	-6.82035136e+007	
2.64400000e+001	-6.74410227e+007	
2.64800000e+001	-6.67178807e+007	
2.65200000e+001	-6.60233437e+007	
2.65600000e+001	-6.52961422e+007	
2.66000000e+001	-6.45405865e+007	
2.66400000e+001	-6.38842595e+007	
2.66800000e+001	-6.33367134e+007	
2.67200000e+001	-6.28063887e+007	
2.67600000e+001	-6.22760639e+007	
2.68000000e+001	-6.17455353e+007	
2.68400000e+001	-6.09202354e+007	
2.68800000e+001	-6.02799249e+007	
2.69200000e+001	-5.97553692e+007	
2.69600000e+001	-5.92308135e+007	
2.70000000e+001	-5.86855270e+007	
2.70400000e+001	-5.82795056e+007	
2.70800000e+001	-5.78734842e+007	
2.71200000e+001	-5.74424365e+007	
2.71600000e+001	-5.67725340e+007	
2.72000000e+001	-5.59974592e+007	
2.72400000e+001	-5.52223844e+007	
2.72800000e+001	-5.46566522e+007	
2.73200000e+001	-5.43354253e+007	
2.73600000e+001	-5.37731900e+007	
2.74000000e+001	-5.31226597e+007	
2.74400000e+001	-5.26288223e+007	
2.74800000e+001	-5.22099767e+007	
2.75200000e+001	-5.17911310e+007	
2.75600000e+001	-5.13722854e+007	
2.76000000e+001	-5.09203790e+007	
2.76400000e+001	-5.05435248e+007	
2.76800000e+001	-5.01786560e+007	
2.77200000e+001	-4.97775583e+007	
2.77600000e+001	-4.93100112e+007	
2.78000000e+001	-4.88119759e+007	
2.78400000e+001	-4.83262671e+007	
2.78800000e+001	-4.78377677e+007	
2.79200000e+001	-4.73451268e+007	
2.79600000e+001	-4.69567751e+007	
2.80000000e+001	-4.65713364e+007	
2.80400000e+001	-4.61858976e+007	
2.80800000e+001	-4.58490638e+007	
2.81200000e+001	-4.55362628e+007	
2.81600000e+001	-4.52234618e+007	
2.82000000e+001	-4.49106607e+007	
2.82400000e+001	-4.46054925e+007	
2.82800000e+001	-4.42931208e+007	
2.83200000e+001	-4.39220067e+007	
2.83600000e+001	-4.35508927e+007	
2.84000000e+001	-4.32256747e+007	
2.84400000e+001	-4.29016149e+007	
2.84800000e+001	-4.25775552e+007	
2.85200000e+001	-4.22592023e+007	
2.85600000e+001	-4.19597169e+007	
2.86000000e+001	-4.15586747e+007	
2.86400000e+001	-4.11576324e+007	
2.86800000e+001	-4.08492863e+007	
2.87200000e+001	-4.05268112e+007	
2.87600000e+001	-4.02067013e+007	
2.88000000e+001	-3.98954349e+007	
2.88400000e+001	-3.96212068e+007	
2.88800000e+001	-3.93469788e+007	
2.89200000e+001	-3.90738081e+007	
2.89600000e+001	-3.87847043e+007	
2.90000000e+001	-3.84806302e+007	
2.90400000e+001	-3.82320014e+007	
2.90800000e+001	-3.80237582e+007	
2.91200000e+001	-3.77933130e+007	
2.91600000e+001	-3.75628678e+007	
2.92000000e+001	-3.73375642e+007	
2.92400000e+001	-3.71235615e+007	
2.92800000e+001	-3.69095588e+007	
2.93200000e+001	-3.66955561e+007	
2.93600000e+001	-3.64595993e+007	
2.94000000e+001	-3.61449660e+007	
2.94400000e+001	-3.58200198e+007	
2.94800000e+001	-3.55619428e+007	
2.95200000e+001	-3.53215452e+007	
2.95600000e+001	-3.50808220e+007	
2.96000000e+001	-3.48460371e+007	
2.96400000e+001	-3.46310092e+007	
2.96800000e+001	-3.43915776e+007	
2.97200000e+001	-3.41438464e+007	
2.97600000e+001	-3.39186831e+007	
2.98000000e+001	-3.36935197e+007	
2.98400000e+001	-3.34706781e+007	
2.98800000e+001	-3.32724091e+007	
2.99200000e+001	-3.30696590e+007	
2.99600000e+001	-3.28736608e+007	
3.00000000e+001	-3.26791716e+007	
3.00400000e+001	-3.24961776e+007	
3.00800000e+001	-3.23131836e+007	
3.01200000e+001	-3.21301896e+007	
3.01600000e+001	-3.19378735e+007	
3.02000000e+001	-3.17486582e+007	
3.02400000e+001	-3.15594429e+007	
3.02800000e+001	-3.13698883e+007	
3.03200000e+001	-3.11793288e+007	
3.03600000e+001	-3.09898893e+007	
3.04000000e+001	-3.08034790e+007	
3.04400000e+001	-3.05377987e+007	
3.04800000e+001	-3.02805814e+007	
3.05200000e+001	-3.00510500e+007	
3.05600000e+001	-2.99118612e+007	
3.06000000e+001	-2.97613283e+007	
3.06400000e+001	-2.96107954e+007	
3.06800000e+001	-2.94666359e+007	
3.07200000e+001	-2.93371162e+007	
3.07600000e+001	-2.92298580e+007	
3.08000000e+001	-2.90954357e+007	
3.08400000e+001	-2.89320652e+007	
3.08800000e+001	-2.87686946e+007	
3.09200000e+001	-2.86086195e+007	
3.09600000e+001	-2.84749003e+007	
3.10000000e+001	-2.83411810e+007	
3.10400000e+001	-2.82074618e+007	
3.10800000e+001	-2.80731138e+007	
3.11200000e+001	-2.79269745e+007	
3.11600000e+001	-2.77607326e+007	
3.12000000e+001	-2.75811080e+007	
3.12400000e+001	-2.74014834e+007	
3.12800000e+001	-2.72218588e+007	
3.13200000e+001	-2.71102171e+007	
3.13600000e+001	-2.70144467e+007	
3.14000000e+001	-2.69186763e+007	
3.14400000e+001	-2.68151785e+007	
3.14800000e+001	-2.66866577e+007	
3.15200000e+001	-2.65581370e+007	
3.15600000e+001	-2.64306632e+007	
3.16000000e+001	-2.63099321e+007	
3.16400000e+001	-2.61648439e+007	
3.16800000e+001	-2.60180756e+007	
3.17200000e+001	-2.58556169e+007	
3.17600000e+001	-2.57118895e+007	
3.18000000e+001	-2.55904281e+007	
3.18400000e+001	-2.54489899e+007	
3.18800000e+001	-2.53075517e+007	
3.19200000e+001	-2.51661136e+007	
3.19600000e+001	-2.50273483e+007	
3.20000000e+001	-2.49438749e+007	
3.20400000e+001	-2.48817012e+007	
3.20800000e+001	-2.48171913e+007	
3.21200000e+001	-2.47347326e+007	
3.21600000e+001	-2.45959970e+007	
3.22000000e+001	-2.44397753e+007	
3.22400000e+001	-2.43496710e+007	
3.22800000e+001	-2.42519012e+007	
3.23200000e+001	-2.41541315e+007	
3.23600000e+001	-2.40246355e+007	
3.24000000e+001	-2.38882725e+007	
3.24400000e+001	-2.37984222e+007	
3.24800000e+001	-2.37122339e+007	
3.25200000e+001	-2.36103594e+007	
3.25600000e+001	-2.35054185e+007	
3.26000000e+001	-2.34004776e+007	
3.26400000e+001	-2.32958185e+007	
3.26800000e+001	-2.32133227e+007	
3.27200000e+001	-2.31464170e+007	
3.27600000e+001	-2.30795112e+007	
3.28000000e+001	-2.30126055e+007	
3.28400000e+001	-2.29456997e+007	
3.28800000e+001	-2.28389009e+007	
3.29200000e+001	-2.27308843e+007	
3.29600000e+001	-2.26228676e+007	
3.30000000e+001	-2.25178875e+007	
3.30400000e+001	-2.24361664e+007	
3.30800000e+001	-2.23723548e+007	
3.31200000e+001	-2.23085433e+007	
3.31600000e+001	-2.22447317e+007	
3.32000000e+001	-2.21805253e+007	
3.32400000e+001	-2.20797930e+007	
3.32800000e+001	-2.19809143e+007	
3.33200000e+001	-2.18863071e+007	
3.33600000e+001	-2.17913968e+007	
3.34000000e+001	-2.17030419e+007	
3.34400000e+001	-2.16317490e+007	
3.34800000e+001	-2.15656678e+007	
3.35200000e+001	-2.14945493e+007	
3.35600000e+001	-2.14208205e+007	
3.36000000e+001	-2.13447050e+007	
3.36400000e+001	-2.12649193e+007	
3.36800000e+001	-2.11864334e+007	
3.37200000e+001	-2.11166133e+007	
3.37600000e+001	-2.10467931e+007	
3.38000000e+001	-2.09805315e+007	
3.38400000e+001	-2.09223622e+007	
3.38800000e+001	-2.08616984e+007	
3.39200000e+001	-2.07908013e+007	
3.39600000e+001	-2.07037602e+007	
3.40000000e+001	-2.06167191e+007	
3.40400000e+001	-2.05324412e+007	
3.40800000e+001	-2.04761589e+007	
3.41200000e+001	-2.04202910e+007	
3.41600000e+001	-2.03644231e+007	
3.42000000e+001	-2.03085551e+007	
3.42400000e+001	-2.02526872e+007	
3.42800000e+001	-2.01916556e+007	
3.43200000e+001	-2.01476432e+007	
3.43600000e+001	-2.01036308e+007	
3.44000000e+001	-2.00578753e+007	
3.44400000e+001	-2.00062861e+007	
3.44800000e+001	-1.99317575e+007	
3.45200000e+001	-1.98572288e+007	
3.45600000e+001	-1.97827002e+007	
3.46000000e+001	-1.97101126e+007	
3.46400000e+001	-1.96378231e+007	
3.46800000e+001	-1.95649977e+007	
3.47200000e+001	-1.95076602e+007	
3.47600000e+001	-1.94505813e+007	
3.48000000e+001	-1.93917562e+007	
3.48400000e+001	-1.93346345e+007	
3.48800000e+001	-1.92910222e+007	
3.49200000e+001	-1.92321707e+007	
3.49600000e+001	-1.91725249e+007	
3.50000000e+001	-1.91128791e+007	
3.50400000e+001	-1.90764045e+007	
3.50800000e+001	-1.90399307e+007	
3.51200000e+001	-1.90034569e+007	
3.51600000e+001	-1.89522253e+007	
3.52000000e+001	-1.88979337e+007	
3.52400000e+001	-1.88486340e+007	
3.52800000e+001	-1.88009263e+007	
3.53200000e+001	-1.87559167e+007	
3.53600000e+001	-1.87109944e+007	
3.54000000e+001	-1.86660722e+007	
3.54400000e+001	-1.86258574e+007	
3.54800000e+001	-1.85898266e+007	
3.55200000e+001	-1.85537958e+007	
3.55600000e+001	-1.85148020e+007	
3.56000000e+001	-1.84723517e+007	
3.56400000e+001	-1.84499994e+007	
3.56800000e+001	-1.84166014e+007	
3.57200000e+001	-1.83761677e+007	
3.57600000e+001	-1.83289644e+007	
3.58000000e+001	-1.82817611e+007	
3.58400000e+001	-1.82296561e+007	
3.58800000e+001	-1.81826685e+007	
3.59200000e+001	-1.81498778e+007	
3.59600000e+001	-1.81157268e+007	
3.60000000e+001	-1.80770818e+007	
3.60400000e+001	-1.80378749e+007	
3.60800000e+001	-1.79980245e+007	
3.61200000e+001	-1.79625298e+007	
3.61600000e+001	-1.79325895e+007	
3.62000000e+001	-1.79026493e+007	
3.62400000e+001	-1.78692979e+007	
3.62800000e+001	-1.78298029e+007	
3.63200000e+001	-1.77858023e+007	
3.63600000e+001	-1.77418018e+007	
3.64000000e+001	-1.77074203e+007	
3.64400000e+001	-1.76797079e+007	
3.64800000e+001	-1.76539975e+007	
3.65200000e+001	-1.76286154e+007	
3.65600000e+001	-1.75993988e+007	
3.66000000e+001	-1.75533675e+007	
3.66400000e+001	-1.75162324e+007	
3.66800000e+001	-1.74925914e+007	
3.67200000e+001	-1.74707801e+007	
3.67600000e+001	-1.74513514e+007	
3.68000000e+001	-1.74262697e+007	
3.68400000e+001	-1.73921443e+007	
3.68800000e+001	-1.73580190e+007	
3.69200000e+001	-1.73256032e+007	
3.69600000e+001	-1.73024968e+007	
3.70000000e+001	-1.72793903e+007	
3.70400000e+001	-1.72554585e+007	
3.70800000e+001	-1.72279600e+007	
3.71200000e+001	-1.72008072e+007	
3.71600000e+001	-1.71736544e+007	
3.72000000e+001	-1.71465017e+007	
3.72400000e+001	-1.71253168e+007	
3.72800000e+001	-1.71061272e+007	
3.73200000e+001	-1.70869376e+007	
3.73600000e+001	-1.70652064e+007	
3.74000000e+001	-1.70354983e+007	
3.74400000e+001	-1.70057902e+007	
3.74800000e+001	-1.69760821e+007	
3.75200000e+001	-1.69561322e+007	
3.75600000e+001	-1.69391035e+007	
3.76000000e+001	-1.69220749e+007	
3.76400000e+001	-1.69048036e+007	
3.76800000e+001	-1.68832846e+007	
3.77200000e+001	-1.68616337e+007	
3.77600000e+001	-1.68391643e+007	
3.78000000e+001	-1.68194063e+007	
3.78400000e+001	-1.68023514e+007	
3.78800000e+001	-1.67852964e+007	
3.79200000e+001	-1.67682415e+007	
3.79600000e+001	-1.67502121e+007	
3.80000000e+001	-1.67344713e+007	
3.80400000e+001	-1.67195128e+007	
3.80800000e+001	-1.67021267e+007	
3.81200000e+001	-1.66836477e+007	
3.81600000e+001	-1.66687066e+007	
3.82000000e+001	-1.66537727e+007	
3.82400000e+001	-1.66388387e+007	
3.82800000e+001	-1.66231827e+007	
3.83200000e+001	-1.66068646e+007	
3.83600000e+001	-1.65908936e+007	
3.84000000e+001	-1.65749226e+007	
3.84400000e+001	-1.65600880e+007	
3.84800000e+001	-1.65482277e+007	
3.85200000e+001	-1.65363674e+007	
3.85600000e+001	-1.65231475e+007	
3.86000000e+001	-1.65096725e+007	
3.86400000e+001	-1.64981065e+007	
3.86800000e+001	-1.64865405e+007	
3.87200000e+001	-1.64749745e+007	
3.87600000e+001	-1.64646433e+007	
3.88000000e+001	-1.64552061e+007	
3.88400000e+001	-1.64457689e+007	
3.88800000e+001	-1.64360190e+007	
3.89200000e+001	-1.64261255e+007	
3.89600000e+001	-1.64179382e+007	
3.90000000e+001	-1.64104726e+007	
3.90400000e+001	-1.64030070e+007	
3.90800000e+001	-1.63955414e+007	
3.91200000e+001	-1.63891297e+007	
3.91600000e+001	-1.63827965e+007	
3.92000000e+001	-1.63760762e+007	
3.92400000e+001	-1.63693800e+007	
3.92800000e+001	-1.63629925e+007	
3.93200000e+001	-1.63566051e+007	
3.93600000e+001	-1.63501910e+007	
3.94000000e+001	-1.63447142e+007	
3.94400000e+001	-1.63402754e+007	
3.94800000e+001	-1.63358211e+007	
3.95200000e+001	-1.63308456e+007	
3.95600000e+001	-1.63275209e+007	
3.96000000e+001	-1.63243365e+007	
3.96400000e+001	-1.63209264e+007	
3.96800000e+001	-1.63175162e+007	
3.97200000e+001	-1.63152737e+007	
3.97600000e+001	-1.63132654e+007	
3.98000000e+001	-1.63112571e+007	
3.98400000e+001	-1.63092908e+007	
3.98800000e+001	-1.63077829e+007	
3.99200000e+001	-1.63064389e+007	
3.99600000e+001	-1.63059230e+007	
4.00000000e+001	-1.63057000e+007	
